3.84026660537807,48.5005745805562,9.57687887841875
5.28571428571429,81.9013030888031,34.8368725868726
16.0421136767318,141.675150976909,18.433214920071
22.1103079517899,222.878900662863,18.8746097414681
6.59906976744186,295.310930232558,6.90767441860465
27.4826701899543,337.442651995928,27.3736663128939
7.52202523013979,405.456051824071,17.9045346062052
4.03592014033915,573.350847882382,22.7882382424192
10.1794982933304,687.992252262014,6.35363276805548
17.1224518473166,776.261183768104,25.1369654023346
31.7178809514418,843.824645970573,16.9502899293913
21.1863999650609,915.098178800716,7.96222212516924
18.3234794595443,933.286865508437,96.903362725311
24.4388281781744,1004.12170082432,15.5961203962792
10.4622174304535,1137.6306691626,50.1741031230747
34.4847064567314,1190.32215654479,46.9866924726683
38.6863544594434,500.14033930213,18.5204157484748
22.3084471659601,64.3177107866227,6.37203642644057
16.8350242611381,579.390736656374,7.78120864578738
42.2154629573387,1124.04000384701,19.1937425337626
34.2453496904811,37.0549795849248,46.3652812011967
36.539560190433,733.805259578327,3.71661754704149
46.6062358838759,672.885652509227,18.1177491323748
67.9808417630628,1063.29486956933,29.7380602942646
65.3810345246483,403.201365436478,6.9247066255254
57.3840779233181,599.125145230857,12.1121898425936
59.0804167211828,892.112984648262,34.1998342710105
45.6525552671619,280.603150451982,15.3449386914884
63.5068447337911,777.067102173073,18.1076875055739
54.6059707965881,441.356133439352,15.220633945352
78.6704370124085,56.2083903774692,15.3177521350805
74.7213672931201,255.804085856394,7.85712855092299
79.330872246004,702.272139967796,11.8654125593999
86.398958454556,975.623576037343,21.7709246544345
87.5243218073363,354.742266716977,28.4584092678971
108.842804949188,1197.57681680022,13.3173375088269
101.046970974347,312.955297282107,10.7075755750933
57.0934837009386,208.082892013003,47.2803263969139
121.949734702584,13.9046431554469,42.6346346827548
89.6441515650741,914.740843999493,7.64364465847168
66.4643611745936,125.741388284864,54.2993926215219
109.149041907421,662.559406495531,35.2002330265942
107.445671678733,492.005816471753,10.5303817833055
101.252634284246,600.878951426369,8.71052857020475
91.6684577545191,1137.24318898523,37.1198373590367
124.214613975881,1079.12943873026,28.9275924027597
158.424590799763,875.625911008044,44.1715883533371
111.746995853431,794.170792079208,15.71276550732
123.477502527806,148.409799460735,7.29866026289181
120.008946322068,453.05831676607,5.81091230395405
141.426760477952,207.599118497402,11.5386061745618
115.374215934873,241.730548511944,8.36367276124383
127.914056778529,106.420066342136,8.15857493645802
139.955734594208,712.752480791365,8.39138955423523
129.450895382343,58.7770261727146,50.2359969654824
122.798008106663,397.414246863988,48.246524047519
97.0962671198352,268.724995769546,100.048148861558
159.70264124052,1139.16966328637,44.6071290089322
149.310660531109,251.14030294315,10.6726104879686
151.934708433311,334.600644990864,22.7939001034627
160.045601615336,1026.80052790347,15.3428696540651
171.529456547201,1130.28168189271,6.86243851018974
134.684198709694,523.909863507597,25.296162760752
162.943933326118,1202.68305853207,20.9419850633185
147.59793814433,795.822548804562,10.9815749067778
151.335800290917,585.678095706282,44.2716234780735
165.26810413637,661.098718523459,29.9105809287425
163.594416355243,377.852275225324,4.12497252143328
167.318322981366,485.772709627329,3.45788043478261
184.410003006654,778.769226244166,34.2420356353844
180.731139864115,47.9346425574534,11.685258371004
184.685840614802,282.68679861038,16.1658385093168
197.781212102504,112.255373819068,48.7057294767371
163.001016782714,449.256526933144,37.1543847304753
204.225406643757,1100.27553773705,42.2661626575029
178.75021995425,104.344800281541,4.36310047510118
209.908914209115,9.13552278820375,8.09865951742627
179.313079502861,421.655356086013,3.9970408364569
187.197479573466,528.768185385219,21.5440705350136
193.667053157331,230.815287192294,4.777827327863
191.903304347826,956.13147826087,3.57913043478261
212.089767761882,1184.30474216118,16.4109158170332
248.381123753809,621.636643746459,33.7751573530988
176.803373731443,212.72533129246,29.6946762559758
219.93410543131,370.221670327476,9.62976737220447
200.516159360677,404.16409096251,14.7101598307674
218.440044097693,466.699660786974,10.7286635006784
204.610112098357,993.398543237938,59.0733030271722
230.153910457743,816.892926663243,19.5394867262978
242.23049527467,767.461172911683,23.7354887847159
233.243138825414,185.931824071238,24.7996537020896
233.564816238659,526.095186836845,6.19667845609719
276.93802268259,1128.65399879691,26.1913458434813
248.823980527492,42.1850721883232,12.6830215731386
246.093279761519,289.318799818547,18.605974985419
247.657184655397,99.2452860858258,4.43953185955787
250.316944296795,236.49240083244,28.3508905485635
301.012329908697,426.787064240832,14.3484066010937
271.749642847516,10.2225936009057,18.9752823526241
259.688387337541,1188.79575213772,15.8097061543704
302.696904433195,1054.15773584906,19.6214081914404
289.931883680903,735.80715886803,23.1487161269663
306.677213691828,945.079548373126,21.3729522437818
311.823511318898,845.817659633366,16.2688391978346
321.20327644994,99.7081437918353,13.5947539939849
280.770295089996,202.734419003306,6.53116199338803
251.311031627873,347.364641962308,36.5219461490976
318.236634685051,524.651552242738,17.5778262015061
333.430358198036,301.972776386505,15.2771180956133
297.380521439345,358.521978021978,8.19096099978453
299.670995441535,172.664952825188,7.65853917099544
300.829400169777,1203.43181733163,54.7863056270952
330.613718149344,28.3549841860956,39.3418972723491
344.373602747963,685.106738935247,15.1474723844513
340.577305306126,227.655767020663,40.9306560292989
317.062780269058,1102.51270553064,4.93373193821624
345.027396262159,598.930325330613,8.77838901235018
338.544840840841,994.828756756757,12.1396036036036
328.747749222459,725.991815354395,14.0552463578327
368.018843020714,1165.97074756668,24.382127876658
351.069808558929,791.329207920792,21.8371846320845
341.563871146904,878.749791724521,14.9040544293252
362.938646266086,1208.82419698044,9.54210153004357
364.798629370629,170.066293706294,11.168951048951
344.359077387339,1100.72052205666,43.8081081884185
374.436482220223,1044.66529185672,31.4102585440191
369.053918600038,469.218481604014,33.5346246669988
381.558065841206,730.308960741741,7.81521037497799
379.419480817827,514.556685044797,5.99534803583735
389.18710030045,368.931263132401,28.5936794286874
376.754205526018,905.898108602807,4.54658764054737
391.182535096798,17.6402379788308,30.9214949235839
393.154361920394,563.562806729586,21.9992613869512
410.619137895739,768.065223002501,18.7327174174254
415.970598373087,1002.69002481732,10.060262420148
390.411510670944,75.7728832473148,35.0397433393779
398.499219884866,130.060230268467,10.4293323290472
366.160676856359,630.998324865543,36.12494632342
403.310364120583,942.763578989772,31.9706935523577
402.60526361354,1098.59194874903,13.6492598043459
427.971814773025,647.873377326449,17.4651645182982
436.033982083871,703.676662366064,53.1905240330506
393.680190494363,834.990837030323,30.513810046272
456.733845531323,177.555051773153,20.5851974435061
415.943613800028,428.66660129591,35.3618506722729
437.66189816488,485.363967192708,42.1865889651849
439.982652835565,869.229735498172,49.4495296773829
418.080912214933,896.173227116526,10.8875872123295
431.507613862242,1059.42876155907,16.0910033704952
458.882194826981,585.671560098311,20.6190886747552
433.543532338308,1146.90344729057,23.2065096813231
447.679024502759,95.9233689962918,16.8530987739749
457.705938034495,924.760167643718,25.1127547623089
446.920574081172,34.5742515225076,9.85848132532686
440.191887976823,842.060260743602,7.85610816030903
473.694816049937,400.199027341328,33.4367280189829
458.547981430334,984.897529580394,77.5767327301854
496.718259047291,240.35101564417,39.6656630700771
462.297723619781,766.148095540687,7.87485515643105
476.605447348474,296.954025995901,76.5793503832009
475.109168241966,969.570770321361,4.49432892249527
453.940859180408,1198.25990949629,55.8924649889207
485.659198982195,852.086809470124,16.8459939662285
471.744051160024,1117.48735871505,8.31997323022011
480.496947983015,1185.01645435244,5.78569532908705
482.684268950206,1068.95656630873,27.8729101535952
494.816677495979,38.7703475676654,45.2539145300966
502.837587084116,719.038458340954,9.22536288512379
482.221076093718,664.485730576701,41.5051242557981
503.232626500004,1138.94023016325,33.2850573456274
537.046515570393,1209.35412863179,21.2510562829273
519.304898703861,508.474680422419,21.9758838526407
507.180610889774,329.1985103066,6.48634447716381
548.460216228358,606.662575868547,33.2730883717984
519.291657641266,188.055639792632,14.5445566000953
537.095120723943,1033.37682228602,50.1029932401007
506.901881476345,104.509776082853,35.5988971984217
528.7626682526,939.844449029627,14.5129807867364
511.389569088885,789.521969576509,21.3475910319606
535.691888857704,1175.2786696604,10.2071849564973
530.967432950192,351.038248117321,5.56777645659929
530.182806625343,135.986180266233,5.81424651966264
506.425468508032,941.963703379144,67.0522006415123
524.289178519957,454.238141487562,17.0857196566201
562.363411047405,61.2220496466791,24.7262988604506
543.798770716073,875.166622693871,35.2594248358349
541.412534547228,823.550398309218,4.7352463014144
555.933512372914,17.4570496834836,8.6642624208709
574.676415936751,280.472191955372,47.251537589421
558.333368917356,401.015568009964,15.0145360733031
576.864507617246,742.327342427561,36.8582594842179
536.884088227285,840.680766088772,15.8308977035491
565.691761055418,166.118626046956,19.8439222323482
557.873669347802,791.117065664017,32.3595656243555
568.64149189566,1004.68541218846,7.1079416719921
560.561088772038,916.582895143829,5.50185586142901
569.547301821103,115.896926888056,11.5878749330477
584.681077965125,213.709612336071,5.80933852140078
574.682611044899,458.823584615424,38.6267479828233
600.422854053689,878.624347473519,9.88392208538172
606.34362342363,819.317981385194,35.2783674700526
626.185480476746,967.479302576955,24.8664603699948
600.387050552138,688.67341714111,12.7125826296282
618.014013452915,383.613733581401,26.7879019177559
591.148053676389,918.595874459355,7.14162138183431
621.398931831776,1100.61112755789,22.0604832132047
626.361690331909,1174.07331689763,33.3403245983137
626.01962823194,15.3714292390555,15.9489665969553
638.974353229115,1043.63059342629,48.7099674244644
645.558129122724,183.589369466125,29.7921123866787
622.698606411042,75.6229049535026,10.0121239574729
609.001926083523,110.51664974292,38.0341214963815
624.150641432745,562.088022354884,5.08332274863457
640.733346002988,611.522707716348,39.5307107148325
644.777596196702,435.875151219305,21.3696436530339
663.255047266729,774.325036826574,45.1464768052172
655.515955829408,504.673104160803,69.7977473857218
660.068595517966,693.175244204935,48.8343570853722
648.652613203555,318.981511849344,12.039806390182
683.94246495843,850.415337547153,43.7917830513607
654.14863234111,561.286202735318,6.06838294448914
661.877108281609,67.4597050731668,41.0363907016308
667.40568383659,387.441385435169,6.09911190053286
710.110808414712,263.47218707677,25.9562981146197
712.174004720848,618.496187767276,13.9829980346261
701.970621215519,1151.36407266203,8.72229199372057
703.33383412383,1057.36357390078,26.9707011921549
708.977818343911,391.560530803139,25.5129658324666
690.829422079618,1202.19582385056,22.9356539690831
693.17866014549,990.608710097393,34.0825693744229
695.741487562237,17.2378608767118,35.3663095727296
719.491351744856,934.926833089136,14.2781264110432
721.963383783784,724.154075675676,14.9808
733.515713680644,61.0053931949739,8.18153324862346
750.056550612261,1005.45906874976,25.5052473993321
741.048269680607,1104.41671949807,12.3058391447872
762.61821523057,141.069393731547,34.0653190336828
741.648953166896,1209.83492407508,27.4893232748441
748.2721655699,890.356507761089,9.52343396795097
760.068738440845,311.395953595247,9.14715854957126
759.536366387572,210.367295470594,5.09391707858368
780.751255914954,613.935324431192,18.4210799248072
755.557934194086,487.376842982091,7.41374427321949
745.900157112467,1158.18783977309,47.8434228271902
772.332376090194,789.8294511806,10.0627791959158
772.602471795453,1053.59099722206,17.0895629003912
761.134756659975,516.611475231946,41.0023221745971
768.255306493363,455.204659360026,23.7704025995484
802.954219679102,733.976555492808,23.8220941434409
802.636841768566,549.024099358447,23.2025598142969
790.990079633488,842.833098851943,26.391597449564
766.12906563857,347.298152325912,70.0276035006624
804.275708096915,979.516382965187,18.0010584581215
804.254486316734,677.452388963661,22.6847577388964
811.615581646376,1112.49560933961,39.0420662868063
804.618226940576,898.576520060665,5.3362057079829
812.919400352074,1193.15127991419,31.0101772706377
832.895319045996,225.448753614902,11.5097588599452
843.275705344455,448.646031522199,14.4912462441289
835.513982226978,384.352902796445,24.9347082849425
836.58155808016,294.443000526835,10.2665513934105
833.673124484749,660.207002267106,6.50239591920857
829.894050853149,780.709898965233,9.04239797319984
830.051060166727,341.999546937296,8.00357919536064
849.033103745737,123.846342548288,10.2379264331253
846.522000143792,1061.41858688619,24.8067707958876
832.291044776119,512.647429519071,5.15157545605307
846.647391130288,65.1281526622481,7.00680574707531
857.606159714264,870.766099823506,16.7126247375597
867.62126107681,614.350890943408,10.4293323522825
836.698308270677,949.716165413534,4.48665413533835
839.869330373659,177.160517943026,33.4919718830929
839.833976302012,822.223753100028,8.07536511435657
793.883190770734,42.1491890751822,92.1133315227029
876.661625883678,1120.27833023713,17.9328951018384
862.604944615736,921.934909215485,9.2243919150394
881.074301823595,1020.2822158245,59.5618905658606
864.377379766088,17.7971364136991,14.3417947238685
876.374564445625,500.020682160952,41.3439928395271
884.302691779777,1062.29842153424,8.17572822937319
974.703728504988,827.2647114729,23.1939220189486
939.004046500463,1007.91900140599,10.7440874226993
882.496084323323,336.390028241082,43.2616888221743
884.588201119012,572.28819606704,31.0274258938833
903.186784140969,716.469947351456,21.2065183911751
924.11003908505,164.135534272763,26.0352191318008
889.416512524293,1180.53398523839,39.7027161508756
893.118791002812,61.4703842549203,6.3964854732896
895.728091092257,234.019911027314,35.5914003339556
938.012053741731,376.679224392196,29.4376285158685
907.41718606697,796.755460722107,13.5102850618601
906.876655264673,291.598096657297,9.40471432925797
966.923110559804,489.209145345672,51.871759907904
915.314381901427,904.745192566658,11.8659305144088
938.817210077551,1201.14813284295,34.1548962078323
885.082561565244,16.7928137466345,49.8953637529778
933.428868120457,101.426964347525,13.4845102111457
931.965482332144,649.99147479737,28.0936894694942
941.435965007143,1134.37917276158,19.8395553607713
939.014781200298,1056.92338727328,24.1210730596939
941.874883576529,260.977957156163,6.019248680534
952.29605147704,7.80204738227552,23.882714243931
943.911961500306,758.165903286405,17.9724972032843
958.684988311255,39.3217744628743,8.55752532561505
954.662674618995,305.848868699223,21.255994027812
955.460150975361,222.046089837814,17.2279578464835
960.168110213335,719.271522408882,7.40184851479393
969.613397188705,948.488746527346,29.8436621470332
980.371213797122,166.235984834381,51.4137975595706
1005.09939360976,698.462192451372,22.0051765020205
978.984800778567,631.122423860774,13.164414930158
1002.62665105558,1078.69750466503,11.1024843584208
1009.22135870293,354.678982982715,19.8682081602573
1006.21479359993,1182.40073443404,31.2454859954204
1005.30897556391,1027.06445802005,4.2796835839599
944.655579282148,260.847009374878,103.852656268529
1014.08026255182,245.720251804084,17.8654613849225
1015.65802099565,119.6196178135,14.6206634954482
1011.91424467142,623.884334373525,59.6124817198853
1012.23826749167,986.056818181818,22.7831032841504
1015.33468279478,895.220093071947,26.1770084484465
1019.2075165774,541.756074651399,20.9652685370517
1027.38170840787,943.743515205725,8.21891771019678
1025.47946580207,1110.15821367917,19.9126524625598
1015.20772828484,13.8349402853094,52.7528206002365
88.8436586503406,560.347399675493,36.8053484507098
255.596757114924,472.466625957372,72.7057478987229
483.492542033416,754.772887787909,22.8047752068729
728.560552114325,772.339974637858,12.4501292493781
1025.79667570843,48.2564206152248,23.1925318866509
30.0569626356935,626.497058593067,54.3599365909817
134.788795403242,188.335073729882,64.4821084107766
781.384028269743,245.471974833856,34.0022602300712
954.800099427605,59.6226646140661,78.2935073926407
260.966851301557,87.4385403542137,63.3601616545822
411.196957809218,243.659715016071,48.0766579771034
862.70528149168,797.349778705868,47.0758452142257
968.990579515241,1121.05133094937,67.4926893687195
691.279248233986,1098.50206001648,69.7698301586413
190.340201598483,326.986992573125,51.5297532414608
314.576582891693,135.655904573828,84.7639483478841
556.054673069819,204.640561507204,18.256187661618
745.533792815485,678.661456370434,55.7293402490639
1026.17823476434,197.9565295707,45.6510657460222
94.6025742268696,1210.33243471394,57.7372945202371
259.891182993901,1052.35366931919,52.1692180311409
417.344250767689,164.88448771436,77.0383619982593
441.836153656788,28.3938552269638,61.7012490768391
1000.82449883421,1045.60999275826,50.4429095871373
1029.17404129793,164.082033993538,20.7118977384464
383.379374177939,303.506064985467,44.0928827760908
987.748545188235,759.364870749377,31.4903210482562
298.288107114873,824.588072351649,63.1092117025151
748.463778126929,935.403260798625,93.2268292714977
142.650681778798,741.428873521639,39.7226638651822
835.147794531832,659.26190868922,107.722500579631
18.467879868281,711.066854836713,55.7988264131323
200.470294806185,405.337012739547,65.7197367704704
274.978778333849,393.945107737553,47.7370518594023
558.494696172381,933.021423032183,40.8365507117931
817.063686466626,498.167993468055,21.5786895284752
874.725385843534,118.924989326799,54.5576206656569
37.1835265882562,1027.38191034154,64.7327927368666
1030.58134946732,482.600946994607,38.5096672366171
454.418896646876,793.984918589246,60.1478555532785
525.561492199076,364.377680485063,64.197357452391
760.789686552073,812.451086956522,30.4824317492417
3.29481701653353,517.613412595207,37.3137655582389
369.82770850325,904.744527499138,76.6400837460376
598.880155414052,901.884518725235,55.6830612045617
702.77107463611,145.010157943636,46.8141529885413
712.910223415053,82.5004466780459,59.5874215462283
865.342802482593,424.633799004887,69.2105180225272
381.901918774074,737.957707441852,55.5945350845436
561.142155286185,1134.42749725515,48.6091450498508
833.895734197214,273.177355005368,58.5734806681638
61.6833254613993,738.886055982818,67.7105148244856
193.932550969477,565.82676945342,92.1308787742011
237.371474530831,408.886327077748,30.1835924932976
388.147497627844,985.026369625637,67.5100404444175
459.717665378972,1097.77663482367,71.9037273280827
714.048453881946,572.291063302577,59.2223578125655
803.333795150915,1032.44669470559,60.149109351806
874.712397363872,897.467042999136,54.9388720829732
44.9689430171357,391.512296017688,77.2442200004807
554.674275020189,1192.59158865327,68.5673236740571
793.711032065701,789.515745148297,64.0255793273003
830.260830356827,88.8134879937759,32.2209215970577
134.857588330632,122.155267423015,66.8415623987034
201.473613686899,12.9616560991951,60.3519404984998
271.278124951985,295.702014781061,78.8300331662946
332.120311425924,410.267461669506,63.438364864461
33.7321810422083,547.864737407167,59.8316903720398
218.370354216231,692.408339941845,46.4055775839281
513.131195567597,743.521730774639,61.8179367951326
522.477570854751,822.995121859873,73.1321077123302
610.391347477529,36.1607518827435,52.8801016276622
972.310076133541,882.233089248342,81.1351429947131
277.747089361964,551.413827706612,60.1709212668571
326.683677195682,344.961079360595,90.5687396589579
798.039335450194,193.495665774696,86.3455767346323
964.538812432349,717.674532240606,47.1719962888511
994.262753305158,297.635768855657,56.7426378955353
242.888884783261,34.9465370314773,77.1719683148195
314.991220485971,689.939325918938,87.4966357234946
532.948256282512,165.561746115267,75.3174841313716
651.265929908403,258.774054161689,57.8092891278375
38.3124859392576,450.269636295463,65.4386576677915
106.235819965403,614.958225440792,71.6508525749159
311.565861716768,990.394674000086,77.1391367727519
263.59844051739,903.589720154401,81.5426642862109
345.456958424125,569.449469413434,102.552559665119
600.214704542002,663.500987391767,49.4984961263861
748.886737648209,745.741508535332,71.9265911312762
824.810514924954,474.763308786329,61.1389763336894
952.111044026661,998.710984248438,62.5929820366441
212.947911954866,694.880065396984,100.284705297246
508.314760163855,460.608485417982,68.4234291111796
654.346565197328,320.571889160382,93.2763032279051
674.864844767954,395.006794599794,90.4866984566617
748.162967271837,609.847625753911,48.9865597158865
333.277404182796,76.8024467902393,55.7473015285833
650.245560759061,918.794624128006,76.6485987121323
1015.45254900951,758.216859012339,75.9919884592596
625.149752959158,1215.46244623751,64.1207123307148
79.5239049869636,556.153983728494,152.324006720207
296.948451840912,53.1968693955059,62.1056414178711
742.07220200005,457.51329534159,83.6064069502959
78.912188445469,791.284453088732,65.2010117018041
360.475622561469,773.495971029946,124.720771250445
751.807368628444,1081.48045258803,60.9889526865378
925.456051266734,932.679677953675,93.39036304885
1018.84350629009,118.015358361775,79.7883134655653
8.58227755668334,254.3918543941,83.3694001241374
424.841109138302,1054.10874541952,66.0106153904273
428.060329884332,621.150299068021,83.4622072182929
691.870875974569,202.742276858473,81.7913577165343
892.914366623281,876.418675906708,97.8858620325747
927.933686563457,1080.15713221293,52.4460634158457
19.3613752848198,820.853291282363,95.4406713997922
205.573937337857,183.590281617595,112.487847683712
283.429220258769,6.11656043662456,69.671157589405
407.876703194218,1134.39299603637,72.4468500816041
992.685439119619,974.581553717597,128.75502983057
16.6772586661814,22.6297880083705,82.0098375943954
168.825301110221,498.587338976042,78.123412006721
426.598660681553,543.606037523727,84.3520028676405
598.897716121676,713.736462482109,144.585977048043
824.799258594517,137.509313696711,74.6612095644662
485.209867919482,873.730051211636,86.5646052951954
508.502721727777,560.488277332391,77.604248796826
929.635518400439,781.832006135884,79.2491620863929
420.138826887189,340.591496212814,91.6476004510693
1013.31598123591,525.996228247525,104.795778691278
1012.55297665689,263.576764554889,123.931248921802
180.92634048585,1054.44492236506,85.8489960951714
950.176137858823,598.627741290335,108.404629273117
219.449892606828,1195.34844138594,74.9770517748135
486.19192853073,616.546361496038,82.6860587621884
1020.87940907199,1129.75457344985,87.1973366625052
74.3599725154601,36.1699169217315,79.2076644387532
265.154207988467,1162.28222479059,79.9827069818308
709.584630838775,628.880644217661,82.5816890292028
991.602804274546,1196.30445384781,103.213741662483
637.771454102856,6.08575478384125,68.3200936739285
730.14712103099,244.550154797406,88.8945100563576
741.038632220998,1031.69747325437,81.4468919676154
1000.55658431112,344.756652747885,80.093966654434
108.818364214732,999.866722684753,117.541853226899
164.396316587015,1199.53540357533,86.9905212516822
468.187663080126,115.52306575977,85.7923421970741
478.910312399295,501.053994802605,125.097847224537
115.04414222134,1156.75204469372,94.8064751851668
220.585050710993,816.138831086247,95.1776554918558
554.885814822389,527.961715374552,89.6593401956106
598.185660377359,411.368656235619,83.4572710538426
594.765745125776,1118.89544764951,97.3341328905017
847.321433296683,1186.90356179883,89.8134606523197
1025.2939587242,390.94904315197,66.6455534709193
62.8963093913873,667.684923724774,109.935064754489
90.4635323354332,922.996865555446,106.966882655507
142.935064833964,791.674013737483,107.789881905395
539.229636978397,82.2875085204457,77.1509114346068
19.3304527802671,106.742521230743,91.93061067725
7.74717299902087,175.525831781443,73.5830245550713
517.789685527042,1111.74056600696,108.28011878031
691.402800265904,1193.64718359781,94.5319263964782
733.153358211809,823.895915698675,93.0148123790807
866.823954662349,544.825683398419,89.326816839699
290.591070036707,217.699141279221,108.252278374759
383.089059138246,1193.5641939152,98.8853966410066
575.988046203889,957.17320416117,81.374505282027
964.926982139029,670.340678558937,88.2241083618229
596.270106920443,90.5365264419002,117.30417227076
153.263062329179,369.093931526977,104.286362494385
566.182118692216,16.0026444915035,81.849160683849
266.354715668518,770.298005301604,97.4373223303067
441.60673425547,932.22280004277,81.4345383321831
791.957121024251,522.362343616763,100.988099014224
817.339133622533,985.125215372396,85.331105272805
1015.4926324088,696.634014190497,89.3527556797821
11.6862949894143,493.063166313808,99.8358127499412
35.3730469694771,1106.46920894508,106.906393342293
101.873796799012,1076.23271291417,124.174348931382
632.453109256195,988.329772638545,85.7061813314495
996.5182434494,808.878159952968,95.5441146922464
9.5517471436911,1178.38568092736,126.918255358185
648.980236336169,1145.5957037313,80.155522443658
799.423010226956,1167.20884052209,100.524865290102
80.2957138781914,185.716124661247,77.4871273712737
940.290751562663,1047.84539392307,94.5626082319503
669.6200825094,144.579128081047,107.859651336861
249.419660532159,567.169508110346,100.559414399157
390.801780980219,393.513069451831,111.8907060343
919.903055683714,376.948418923235,95.5473471270895
146.400381918434,22.7414682369122,106.050263413196
375.150543824758,20.3572043696296,130.069600529075
587.451298005295,829.574319109939,106.228155782072
268.847795291045,1112.25496880894,109.511426767138
334.939307873496,1158.32763263723,111.25341467268
333.983408979098,1047.78024697975,113.29641973158
759.08028733712,1210.59238222519,99.8323087203475
843.25087418715,213.973552746061,141.253667874859
8.06704167551121,579.68941484469,94.1143423193943
371.428400529222,66.8102089159662,95.78412809076
701.671196211653,432.163784228948,77.5710315009265
369.007029750434,480.225846364899,128.594764257035
129.606264993064,713.67856893943,112.900818140736
383.657041082256,689.621789834859,122.197995652117
909.860957456701,1203.8462771808,127.449608301507
61.7505260447649,859.1045697087,91.8079870020332
635.445259107586,1072.99157717791,132.529707883654
793.768621800948,451.758225592417,105.578085308057
197.746051464966,930.924552939712,115.843234839074
722.725408281425,525.469159279668,116.130565205239
417.547399959807,850.279631445292,120.050463129305
570.186048663508,893.435885770685,108.266970733268
758.392140969403,1106.63117456339,103.274807236466
836.581460692728,348.703438518548,111.328080683869
96.5594901552348,68.0666154176792,112.794408900792
213.680020811655,641.935744016649,82.551638917794
824.36500177676,1100.14521261894,109.810814545742
887.654178678306,132.207522704914,130.409716152562
1001.12889502364,151.513515796413,153.012243636626
502.276782616351,234.881792429868,115.828965152951
599.617682778722,186.043964051494,82.675329932799
440.933388704319,430.582935088168,118.473166368515
644.568571505141,49.6452676808733,122.604246804177
730.612894999977,128.63911371023,126.483343816696
378.473240162621,252.177885126448,144.75731723705
612.389535041861,201.177932032444,142.05343047388
393.846157648154,1095.96527953009,116.119397627031
427.160060829963,747.006926972197,113.00319277684
981.470439091852,753.079059582805,89.4904921055664
470.184281996153,370.722695658986,118.065924739513
704.491347587667,34.0018399153398,124.709882630237
1018.43746858313,411.03340934092,116.265132916142
42.9196524246498,166.981121047402,114.199609042674
233.227036247335,1085.03147121535,94.35078891258
234.327305046516,380.839268420691,135.094769792129
877.874772602703,306.716554523231,143.795438267308
547.745739960476,453.804268118374,122.929162989754
552.064474412068,53.867590114671,115.139556266539
612.500572065245,1187.70010602675,116.017760978561
817.617912035149,835.156130124786,116.696341079348
576.557053824363,349.920387654689,117.370973609662
674.666755161989,254.289092808756,139.327519761576
697.972994051351,761.60001070451,115.382388023183
454.485141119351,403.178893453556,96.1092674598517
824.204777768692,957.508360561898,141.461222849951
912.162950757176,463.119481468762,138.184584581115
581.119858134802,990.302675685382,128.691610798516
452.197626983009,29.8436728115647,154.335385358199
505.146866085884,421.293153958831,104.809613753758
512.365404154937,103.610653899656,155.183286753509
778.956485324199,260.246822972313,126.898367327216
991.857697647038,730.440578487708,118.631732475794
81.8442884197884,811.522212786521,146.688146903215
295.010885697779,45.3360713818341,141.552658625411
475.817006298629,573.934741262196,117.568371001606
746.919570764778,1179.38928816271,155.886382160268
775.939811250666,1061.15612062514,150.294029846729
816.651489230135,1213.1599093064,133.236916417603
1005.69445279754,1074.6258415313,118.466347953629
887.379365063219,1146.46619078619,141.718540520197
69.2630222372753,1173.19216063413,157.871959717175
152.710102177102,605.426407086027,125.740656981556
191.468480400385,1109.62626913041,133.529017196393
762.236977362922,778.532867610993,132.812518021968
877.533266578069,797.258648426772,128.499666837236
415.430649594422,222.396929677549,106.955084802574
443.749191333876,1134.51944824676,165.110914285556
684.963924789185,582.427205574759,135.571096347344
240.077609858877,1020.25609737612,124.487699140531
255.63137308688,619.357603129079,141.913435986863
410.217969549257,1217.27351507492,119.783294216766
441.641332550651,909.493263262464,147.193279587633
177.678770991195,50.0549949104755,158.979132124716
836.325036447831,409.895424051658,140.411701289778
939.819690847853,527.146266895856,133.763803700438
970.71438987024,383.084353138786,145.55627388006
42.2474163899469,787.100845895448,146.675181286249
214.925289403384,87.4445999236738,129.755342831701
405.493505799824,1013.26724145605,141.078909650942
468.471901138316,781.029188816877,130.172960318304
697.573650551708,427.579634845422,135.502051095132
192.299927949171,336.265147049191,107.872339031899
274.014635869805,519.026992889635,129.443298149538
115.314883801396,855.694335197893,145.10410395402
211.036277419186,1182.83465581167,150.007951475127
458.196449676895,1040.32052679243,127.574928241416
1015.60283403663,66.1199201853532,144.383722569221
30.3607053173745,736.080406730575,138.574202210532
185.156359494278,454.039661075658,135.0394212707
423.761200489735,124.396610928761,151.856890724177
693.781066516529,682.75452424998,110.237593501166
900.447586610732,971.36306494638,146.791087588082
667.565392556781,872.286241068081,130.462288697521
702.285343243773,1113.40277168997,140.793578109991
833.088304092907,503.624501192169,169.121314356517
969.949981150716,1159.17396913917,163.447434872475
270.561798660293,1193.47799377092,141.296078302701
655.095733323879,1144.43525926626,143.331832452896
595.388804974587,296.102727643576,136.053896869935
16.8324256604886,195.835749290689,144.296606359851
327.110551578599,884.797657963338,141.498634501593
3.89758440457692,140.518576070066,125.687385223902
4.48156292286874,644.560301082544,129.282560893099
90.325151683983,754.303814905745,145.927197810608
177.457724827056,1028.55976172175,113.46003074558
505.739392122997,949.126639497483,148.277638567469
178.814218356003,307.204904432925,133.848489393414
501.945396430791,1197.20505193998,138.989467726183
70.7864881232757,391.65944418276,123.971771751565
288.139563580894,811.933551191502,135.131248178487
867.976775099462,1038.50907559092,139.149230049146
963.307435546368,753.133489042211,149.333145408825
324.894440230354,982.58597885409,146.373561314102
647.638620544656,930.50986510861,144.42637962133
937.305038303148,847.277111101271,163.083765664438
42.1107939203856,62.7751953087774,156.747476180694
120.469770501704,157.236702471852,139.898494456667
527.699339498019,791.449845882871,124.956671070013
909.95282379656,1077.57917129567,166.992342298348
10.7322876474864,432.429290387519,138.133758317956
113.786574179749,106.344348914082,171.208226601402
241.868962023662,1059.55886005621,150.652139573393
324.250738911604,399.409534871277,156.107542721524
659.509778143435,381.009862939204,169.14120527724
984.219940501753,664.43457144865,164.32171412732
230.921952248178,270.701334379906,140.738618524333
587.782530344776,446.994251247301,143.952788740785
545.653779053048,235.590975901228,150.641943750359
556.452824890486,167.526227114456,125.153431427609
1001.09270060443,452.995569310532,147.895865571559
35.5524654239327,431.905216476248,119.410327720986
143.482973126144,1148.2418072649,180.893274260375
328.411297837473,1210.86359692812,153.729721624198
202.605969532384,792.758491803573,165.772510411192
257.316372885279,751.297615852623,180.612826579932
362.869350929168,165.837247508753,155.863264206841
428.923467633718,969.994466070023,169.967576419618
487.018382789716,824.706294209618,214.210031296313
745.002140738417,212.371929911454,162.144896072378
885.557551688514,49.8699617235702,182.094995313677
176.359399018517,861.527395982737,146.955453791187
592.11797752809,542.752493372049,130.976770609772
80.4943237642319,363.074056644017,166.092347195733
210.098067774231,551.993673815244,161.579354654289
765.728163088301,411.413546454747,177.517237415635
42.1851476035762,1036.29839761415,161.761219465394
922.883634655829,373.473132277726,182.026955266123
1016.7018612825,831.310363405467,169.217615694122
185.343161582251,507.194570135747,130.005400671435
274.520217004705,928.992179726718,159.899308916552
1009.63374356953,344.500825682462,146.322077321935
1014.89435762461,758.677841750288,161.952656686955
589.724823780573,45.2254218461162,227.670416333452
709.094384994589,348.494649513046,131.16917157629
840.628385909181,1088.25713686549,172.072659912
130.418202764977,1212.41730670763,142.815188172043
131.112306267452,932.19272863168,168.513108935896
304.075280383885,1118.22069649321,145.895591495412
572.053244542359,928.006088523933,152.105888243541
572.79497101958,1208.50509832795,172.480484234138
717.787103808887,291.259853223871,165.927564245533
178.631596238347,1024.91767515471,159.683131003939
511.564221622024,384.710350018228,162.369383107083
575.638569043208,1080.54451382694,164.520268075665
1017.17478438972,209.920074946958,158.55683018452
757.035942425172,487.52548188234,148.371544534018
1000.17823613536,594.92985234209,162.625418995674
444.884803081979,604.020036836801,159.777658629095
707.572993766028,1049.46718303692,160.515657902967
352.012826268197,112.316706214327,171.865696145706
641.086487135829,1198.49149178427,169.391947227126
1004.41169998729,22.826485839649,196.504376756072
291.448198249018,312.9631244641,156.573406967823
453.238654471399,298.732687841652,163.954985887313
504.220470486265,1025.9634617893,170.002776971334
753.953247645578,839.532232487161,168.829269264186
378.005380749481,635.522173058014,171.881740959248
438.847428009756,673.65091557756,157.896410499108
568.7962,504.781441666667,154.019408333333
799.125714668651,309.279836203765,167.864356683585
847.275258006094,870.487437474846,172.10363005232
895.917458717639,238.120468901989,192.725708158027
67.79241961658,694.381274582611,148.047666199081
121.465634235725,324.394751152619,153.745572762738
502.196621227434,1083.68973139087,171.996721473119
704.032045778357,480.386322184218,169.808792748976
966.103137432781,1097.72958291435,187.304466510733
1015.78670576363,1198.77054970582,174.97497096289
134.076569488156,384.368477720722,150.993498426371
155.12719104825,663.748638481688,173.906271751085
376.133896219783,65.1701976637283,169.072555567573
605.369634967929,123.793468465163,182.950454271917
956.548424619749,61.593799353771,169.41504925526
22.3813427847079,345.833697009447,138.346530782135
242.967728929458,475.739113956714,157.917387027062
472.686188406206,203.707040959798,173.13444176312
5.09213680677641,270.903068563209,145.849768259549
172.646560451857,407.941599616348,153.778867160441
379.223463793679,910.361430773387,172.160575868809
567.380053162884,1155.68971928153,179.988531567383
958.16510680495,919.157736011082,167.337753083517
31.4444752658345,406.644475265835,148.646324549237
304.691127469515,698.439810000945,163.278204461669
821.907118112071,1167.84679936813,181.060058321026
160.822320220262,324.541914578375,183.220136847263
8.47110621904238,1082.29120803522,160.484933957072
218.451853571937,207.029715578394,174.07367845452
766.201842325637,108.855269769111,159.763919129082
1005.80232641147,1025.3067166902,186.964913463521
311.292747436314,524.456859439366,168.665130259488
431.344509728376,813.762675785013,165.229127335773
732.390968871852,566.366069658317,169.399180490384
756.444239333919,987.612575613628,196.632885564361
276.313256980491,171.412202168357,187.11708097211
383.357991288026,319.393511046803,203.016058970247
636.650960614327,269.069165202365,185.106104439504
811.668702157837,121.84641352952,198.868284232522
197.058172231986,494.908260105448,154.733040421793
323.149500228561,778.091961714822,209.088365999519
318.506116851612,1046.66152263821,175.487607896576
670.541023038078,122.865101482636,179.491707455854
714.50960072475,704.067768521997,171.657776697527
917.406670512408,549.131990282107,189.977582840598
20.2476079798567,927.953205500678,173.584789205242
47.8128121596971,978.78807831389,189.965557327109
249.712148491084,998.128314150377,190.963356802984
948.31776483427,179.573439715485,189.181539171391
967.913869619708,320.425208278573,188.390066626287
69.5673642478796,170.834838982225,169.685349169727
108.326428980446,437.530466454514,179.746238042937
437.21303843114,384.744665085951,185.485600671804
559.105591594468,320.254096100541,166.032246361037
162.411066332644,386.716915368696,154.842500816904
339.486491157325,832.189181404459,169.466904775621
272.34573662444,1126.52356917232,221.041522758307
564.55619472552,827.943606087164,177.096964385308
1015.73284603268,491.506546564284,169.684755857452
272.556102859832,242.888965644976,180.271566374827
384.284098981767,842.031494198437,166.066777172626
822.450754635394,787.734030748071,182.464821018302
948.523122824465,617.889772915631,156.417205370462
1003.88743270005,532.593923170562,183.861481719245
140.683394866418,750.903561097403,188.749692945632
517.990910687626,480.821243523316,172.984697462018
753.748544314987,143.34310823681,191.344243129338
884.130744217437,576.294312534511,160.149027547702
1007.66431752903,434.706646633915,227.136097505947
274.246742112483,491.254972565158,161.803669410151
285.074583014415,845.580502934048,187.570855657609
419.210913898343,752.127070968468,198.46676324154
625.228086976892,982.236278954403,172.783164073804
739.129980906759,923.912012924655,191.085179578141
78.0809395607002,278.915484605532,179.64246406376
192.07647742102,715.587225560352,187.460097801615
444.388476884609,450.086183965526,177.871362451455
511.466377854068,1139.18775543567,179.60736018019
649.516147675068,509.340163974571,171.220317566045
14.067397251609,701.803801571865,187.185255467527
416.756680233587,415.799327552646,163.45452132366
583.064850758013,878.286077742223,169.779297592194
684.701755779773,996.646190514022,184.985485024231
822.397756598615,685.906673991364,180.282117944656
1025.88324788462,1130.6710849902,192.007836271935
310.304580961491,632.727593869173,201.403777931253
513.73227457337,272.262789808221,191.176613789377
547.332486510065,966.268239684642,190.270142007819
690.113551592429,194.653943765694,210.994522360927
659.717472668944,74.3874884498386,204.430823617355
266.746292831153,80.2772941532058,195.264036712912
478.546968442359,562.000322016745,165.720098445119
219.947898655218,291.752282084576,182.493002042294
735.37177658218,43.0068627870889,195.049083918411
747.559702218762,657.271555079798,174.601401323472
824.836731520706,357.125767159135,205.834144008825
105.344496381582,172.86937466312,202.459914642444
206.619111322487,894.812792001852,207.921689458813
835.87634690529,1005.31148400629,180.838523605731
964.444084735401,492.919820322675,204.289078489222
14.548691724833,1209.8765630249,184.459631965959
336.034134800274,195.037743630902,214.151186315983
39.7494494294087,237.133829605227,191.778497715815
135.866620058472,15.273687555612,191.781492309648
465.260048823604,719.886611389368,192.188532065042
474.498895952212,532.993213011494,201.235987309261
11.8789399651156,194.825184268272,243.114049400776
239.711757188498,688.991653969034,199.610769230769
507.889011477889,718.016211406709,181.967132307145
582.7088418895,1039.29628249325,189.943585204509
595.870010241581,358.667353455027,192.25052111573
719.647047117354,874.784442493415,203.147064676617
757.294724102892,751.18010663683,175.565711806547
987.669999512742,98.3308970423427,203.030726501973
80.9067387893302,911.74422330498,186.599587083987
106.017175924771,1005.03675637924,197.717821955052
312.880101826256,929.0271275015,197.320287311529
835.734659824324,1211.3135199236,203.250878905225
13.4953875226894,736.577616430863,193.346370937663
195.02246655524,456.666290769716,190.146579673372
448.807459731364,647.575865574999,190.943062021726
586.236445376892,276.256326489835,194.361236825016
10.3310561894202,335.504131049036,175.461997925534
19.347775182348,605.481613479441,213.287689075149
281.921619904194,464.055787467006,196.119879753642
876.109409165772,1023.81253618586,198.775819135362
748.848071944407,522.87505109688,173.987327973838
820.244283176039,594.383604079655,195.109894547384
20.6408597079578,889.101830503738,199.078940473695
228.500040321997,119.648503847132,228.609972560364
775.198634997495,636.364459843046,202.761161086993
893.76188630491,650.688386448464,203.66007751938
7.93547648486514,774.969501305124,188.437376929065
198.529687643687,679.454035496429,187.524629862367
1021.65620569414,722.284362187225,195.555676897728
26.3712481026294,1111.43699097423,189.253096998482
928.110237965979,112.350298588491,212.585826094824
401.972488218189,481.91931966309,190.870876366189
534.367214967353,738.590595178302,182.750376695128
538.941474656305,150.584195271296,203.450812027119
529.449535587695,726.499133269514,207.450958578045
735.031322748164,597.095788813944,197.029188802006
786.969070002479,911.039886094214,201.421565823179
887.803656995468,799.142229255223,216.397755698769
1029.03021388248,902.632583286952,190.035620577244
79.8435825161777,839.154253840962,189.397812537219
135.564641206778,1211.08617942317,206.067443033941
135.318174803514,412.511745058918,227.07656058819
578.461936550045,525.042097023201,189.523799169367
944.981454991515,741.034577897266,198.623918828357
136.881658133929,494.716491820977,205.81730217962
468.087850723625,261.971003561342,223.228560163539
566.07055032883,601.999483914162,196.899684071778
692.027818041886,1156.89592642048,205.231891349457
888.059811644912,582.193943933458,206.089227723187
46.0723629476958,157.690828062225,220.948281123927
549.142386106217,213.976894034734,189.508004027183
583.231127252213,455.393639152357,183.66940516907
575.954718083552,486.353082091732,190.959918200409
760.742946483983,691.320714183415,194.228553014752
13.9415408111319,1164.28436280333,199.120298093784
260.300831024931,801.599762564305,185.840443213296
664.685198527057,1069.87391315057,204.973989507131
781.466768393364,249.183315303415,221.74355307059
1005.31826113426,873.942614740434,225.309168262373
56.7545545380102,218.016073293316,243.02244401205
36.2747331605496,457.148196917761,219.440992252599
357.628939134178,561.919894982049,207.560877353486
861.519018135963,942.059346434235,209.6094273452
849.382929814293,288.241063161816,223.033108072155
159.608944214649,46.6849826211409,242.070966296023
512.327493624459,597.541121522107,224.608716582137
842.257853889767,16.4700715679896,204.68935309973
247.393695887446,558.071545815296,196.106592712843
576.501549326223,774.228051211837,207.822680214263
861.465452503341,428.286705690417,210.687756708232
950.271886895052,612.193175638934,185.339178901577
29.2486862268735,792.61865819473,213.677136983741
113.050495372758,250.977890538945,223.083162208261
141.123892857838,843.99204804267,204.630375114364
195.343863496197,528.521071746728,185.801000479682
403.408482306173,426.669780259981,195.001731580616
591.118752403121,1000.84656410596,220.902581106614
102.047801251247,328.227219149515,217.465867259044
218.964604975815,632.705808518889,205.531961140478
262.019902416884,334.70357426529,206.086054691932
335.520175442539,494.14588604324,210.528165627823
341.210388001994,998.669496005195,214.252782770235
394.843323579171,823.527297593727,205.410012300014
517.926943539631,654.25493485342,219.363561346363
612.658949851043,419.219401688183,183.588815789474
292.917076861005,394.244361508977,203.282459148679
645.157900480537,413.847257740059,230.249980902216
294.376685987527,557.532429945498,211.934031191261
521.238349292298,438.5457965879,201.092250114467
747.317798893079,331.171368630716,209.920629867267
789.716690035224,844.179441206501,220.795902115872
98.935504340196,1062.7142212682,212.452267758615
299.574768259142,284.870457951949,209.643330083383
901.321052565597,318.45632655108,222.962683816616
175.659582945942,159.016244878776,209.069893846358
483.336754610758,413.697157197297,211.621021603176
1028.08408362582,654.921486342133,204.981687776591
6.9204953469627,1073.14567304169,199.224298380596
62.1646493898666,1197.89847404767,215.936449592832
347.645753499863,425.829217677738,211.405533900631
463.719686499692,1018.35065490892,209.438543775022
576.407434715382,544.057818405681,214.869939010423
683.567975172455,676.460241362209,208.210568238176
792.250320841889,8.36498973305955,205.025410677618
168.07798017215,1014.91205629191,208.34268775684
435.995749239464,86.7598697989988,209.489043475872
542.031537800513,737.437115361802,265.30000115735
759.994706104239,743.02169586764,208.851458747935
938.997259034831,429.749997275383,246.448115109639
22.2932579467145,513.520167670238,216.851038940588
216.342424086199,382.656209723153,201.275197195443
340.551311942308,90.8865175930103,218.219656921662
571.192632457302,422.254753994197,241.212262778752
643.520578775504,466.22934143008,204.18695627266
624.496997740631,638.74488367524,252.649614638419
754.373615042952,521.443717053885,209.295282604451
936.025048310951,909.483072821115,225.16974470618
26.3036430219593,307.581574146223,227.28390440487
206.918918056331,522.723785207053,214.51275831804
565.856235267574,644.891800903688,230.957428111696
943.30008195271,972.814507492154,221.671351009043
1010.66723598064,235.478523121018,221.292372174289
533.669965162652,369.710191558714,216.40664431348
662.234291958476,558.680375502906,227.637891355817
716.572816942269,710.707209167392,205.145126196693
870.613820854659,1158.57880005929,217.593099599787
314.31843289689,12.4045110474632,206.308919803601
764.976341262187,1062.39294885948,219.312188433248
864.524640023821,744.280760150584,209.640310951358
10.6865204356571,112.463265151228,212.566638837236
400.582750038886,119.982578939182,205.598382330067
561.973004365763,310.045800456603,212.483758561301
927.920927968851,17.6027255029202,234.272206359507
975.22829410266,811.80690570919,222.648134174784
1012.96829287237,944.406617589948,220.620377482243
324.091215340762,860.650800472762,222.638678034876
394.661558741143,192.281383141492,225.848692418144
454.017725851432,169.355657905857,213.50589453224
851.558937979111,788.851282650257,250.011520184913
180.083370820213,358.259259259259,200.053231369021
567.508172781308,226.09756097561,211.385965361754
690.515072347267,533.669145230439,212.440608252947
797.880357405862,67.4851686386175,229.090495360597
1002.35256121652,573.383497955621,213.003840676253
6.12079318530931,1017.66233766234,208.751012428432
207.416700865376,29.5439914354537,231.170238201445
270.288931816556,10.7990412821063,232.44079559276
381.882473873565,458.561525612472,221.685626177831
396.386446207459,543.347223252021,202.595610587974
99.2644446023737,775.79535924952,206.302004121953
88.5728015429883,106.855936614741,228.245568565996
313.90397220861,704.090559757796,227.390399161601
443.495166973914,1168.07315610878,231.136421847725
658.088628065252,717.404662192296,248.38326933606
807.825421127675,697.635847461624,232.343766439671
940.001156194075,227.220985199056,245.18027223115
51.537684501845,402.708371771218,214.206111623616
98.4370906276051,693.473294033583,213.708675717518
416.225295410528,907.914020847388,216.544360542293
74.2821950869696,870.697221027018,221.525774368561
85.9637966699852,513.71694277692,241.127650569012
227.327434186388,227.258721641289,235.698986806702
252.968237506411,412.506251068437,224.654162630349
888.80027349627,157.672312642208,241.794084144353
412.522140107033,695.815757392089,226.714744229935
407.166457941975,614.058338551451,226.986189382871
947.022937565239,612.925897422288,212.962369300993
415.52714102329,589.617916743077,208.990143040528
488.956104702872,1055.67869408754,225.324083576208
193.492943251985,1217.25492502205,216.006468685681
466.946664478543,343.84452285222,213.727496512677
595.018500233851,1144.32631779522,236.533865128445
686.103920175466,965.42933489852,221.083809582651
720.254495277418,466.737503610128,224.042615550825
360.51371782493,901.170407178014,238.598309116172
459.92347296981,642.987050471956,217.455261720883
520.798492281919,213.597223884169,216.777791073352
572.64086009709,828.480173335893,242.990636570582
609.812363853902,149.095898873117,234.516695169293
686.080288190756,809.387159937554,244.989846794709
734.683431257344,630.64759106933,225.864042303173
872.173534014701,717.303909105804,246.835816426267
74.988990091082,61.341607446702,206.428385546992
147.095343578028,166.975973078734,250.507367072389
194.120415931668,416.437935196361,212.887475629004
246.937256037204,471.951861120968,229.285938404647
540.777688268719,485.331151550025,220.727440120837
795.307401946081,1158.13555703821,241.118964052736
49.0677322677323,1121.61138861139,210.335264735265
248.885593325986,820.224315469809,237.946484225014
427.003265864125,1082.06277294649,235.49024038279
597.102583927475,720.520362151187,232.842727465886
160.07937467263,635.977678391555,222.393367984206
420.387228102827,495.860649063627,214.292660230313
526.704127819734,967.325871442277,233.110563085779
532.445521868473,1019.01140578518,226.201278561934
526.087569977193,1117.18044267054,232.076741654572
574.068531153933,1105.41703531529,217.673164879658
923.197630118494,859.596300184991,238.421978901055
951.875664432632,661.802576843078,219.179743471227
391.392323378484,25.4155656235322,237.365562852083
838.352599079996,651.005649873603,243.668430237645
1001.0267526769,697.411768558237,226.740233799404
1001.48686998143,634.395705280778,229.703096801193
506.530031938975,1210.01162826754,239.976123290645
605.27430499759,485.293565345148,219.802392047933
851.016158877864,541.519162967081,239.453903031503
987.888931453895,1189.02567540507,228.764302567541
1018.30028833915,111.021560494939,235.462866593355
88.1974318293026,441.131018223336,232.524532554381
835.347023618113,193.186962265155,259.019007386878
1016.37899348003,1001.44315403423,228.083577832111
195.553806722689,721.827596638655,231.586403361345
620.654135144623,890.740818751872,257.588997639269
1017.33375653852,763.240465187141,224.31651515921
25.7645048625538,833.470350465179,237.304474151688
38.4952138118801,960.827718835757,240.235182264094
132.518718892015,749.038772271514,219.992029142321
422.175358727598,419.376638045295,231.699164409612
661.181794731242,966.581401347822,241.435962338374
753.602549460266,673.402921563571,231.744353977084
182.679990399527,362.22281404623,232.125978509711
379.644511760513,611.935851746258,219.514433357092
392.16991500789,953.026784972731,227.345048586695
491.655853805786,124.267821483305,227.790019969349
592.699970413756,1204.19741295877,278.755890922038
821.218657359712,1040.82451695646,228.862140739651
26.2698916443759,1024.08239042999,245.480560107255
738.702607244098,737.633143502756,257.244235104916
815.689417058339,13.7114138061613,246.371538992716
870.044447170428,598.183492803402,237.343780667321
939.236756640635,698.643850936386,240.441011448935
31.0835337299076,1081.49398810277,218.325022149095
95.8082205062107,48.7637417161889,241.888087280857
363.815461624027,910.394549499444,219.718687430478
126.414775069956,572.179872568045,254.669358607154
178.412389481327,100.925580534476,246.412062018594
397.88335123652,513.449161950827,236.477781045026
409.448133999412,138.175776275835,231.290601430111
470.029537996626,279.270509279,261.775793025455
741.612740196211,536.478284370693,236.997486554417
984.990601807035,296.447503226847,244.641329192213
33.3608232552979,27.609863530456,256.092987906358
599.386289202617,1062.96886070121,250.797546285638
648.910757381258,498.135827984596,244.185571245186
720.638153503496,48.082219993361,250.794209085425
154.272487732899,951.514316497055,250.471349439636
816.82585073559,914.700114772914,244.289488589784
113.541097577665,923.412891747639,227.746462296428
211.254867672391,970.346844495485,229.189356371039
441.211459413089,965.446795582085,229.681130928977
480.025751645986,449.342623730567,239.512028839173
695.511345007936,298.009484530717,232.716543935885
422.875972244635,1002.9530740681,235.66785541391
570.049620406924,904.884208928029,236.826267840875
681.126179327568,1083.38654767807,254.25448869792
710.209333602313,614.336157622218,237.937125949835
747.970777908125,388.835431040768,237.646365630737
931.786661986662,779.209656409656,247.463967863968
937.001274643849,62.9089710228025,251.280130551758
68.8527761054901,753.697201561377,229.847435573767
384.692435427388,1209.76974170955,243.979958239482
496.171710932675,933.311303273626,222.665019559399
995.450070505055,1024.1699072511,247.645607833012
301.95492506048,1209.66145133334,247.189800439349
627.442485157622,790.248980684004,264.449562672464
859.061070362389,40.3002708526917,243.281271623732
924.962799359989,501.040848014589,251.950721732847
989.530887092418,743.068760015124,242.889108946544
218.621468655571,320.054833431926,257.513336637515
249.670914838965,579.916123295791,238.084716459198
275.740755336617,726.746600985222,236.584532019704
312.993962343169,937.743766032073,236.603547559635
584.607924588592,252.019278905043,237.218938062523
622.863881458838,345.811616354604,230.253810554919
683.336549743339,1203.10252994378,258.316187973601
817.550340309728,576.739194555044,267.244205500361
30.5347441793619,1114.14565967232,229.076674331705
199.662066301447,623.393383902233,231.707613428852
497.061171295919,50.8734625722896,240.169992669219
718.275809511456,868.136688664407,250.952702154914
977.187867878288,168.386180572123,256.396694788436
68.6214471685832,1080.0516200188,245.873146741882
190.047270706058,539.31896932491,252.617620931121
383.040595399188,802.143002126426,238.211651846124
405.670804195804,622.069648407148,256.86654040404
716.169867690994,1028.53412360773,235.108284113282
758.301137751278,133.609564353267,257.261834381816
1003.96998772999,1145.19743673182,266.4628033544
331.832667207021,384.25257832807,238.261578020627
353.860280033853,662.078323360406,246.925641063713
484.92699162551,962.07902082886,237.980888984325
650.041083005325,323.026510766381,238.468974299606
764.474498917328,589.486169563045,245.270556881905
816.71296235722,477.041855840061,246.353308299206
913.971160490235,1211.05000545514,244.911299414482
41.4032031797989,892.142753727451,261.221066167875
241.479072992394,432.768243896289,263.718014875825
545.484902871622,223.011908783784,249.114991554054
91.2198114191887,732.385937165357,253.475230234435
121.474571139087,689.00475153435,246.348620541069
674.068330362448,264.347263484518,241.17996963095
872.007729797715,970.35350068127,246.365252594068
118.74008906406,623.345839838251,259.887531031659
108.110721633773,798.239503162387,236.667225481978
373.19435355315,394.666205218559,241.037691920463
432.946544598483,541.115532304473,252.290232801465
816.410199090024,741.681298161639,240.854351313679
1014.46203518147,568.917510234143,252.305568401761
56.9361375695199,387.107281212044,257.085124336764
280.553049432912,997.582751979456,241.347485555318
329.313546640063,261.856552412171,238.123280838025
392.369343747347,1044.67210713983,252.924866287461
442.991192084942,87.3613256113256,241.008244851995
500.48030484672,526.463716879113,252.996056891673
589.753369078105,318.730897887324,251.054281370038
637.370870734641,1139.60496609371,263.937956022793
644.968664759497,239.569489721243,246.297418668086
943.400896451546,1070.03114339075,276.932566922598
940.593031624864,573.624803707743,256.25985823337
103.649989505719,994.898061181656,247.692412635114
309.58551497541,141.966081064918,254.300261023126
409.045411751452,1139.59813798542,272.115555144278
853.203863895206,99.0555587297597,272.833312383586
853.174080390988,379.049240418177,258.957907115424
363.243405787686,991.176841831715,245.646446271787
486.768022181146,6.56580406654344,240.969131238447
570.318288204041,552.21303411994,267.701893288335
602.996462320148,490.856229323963,259.739984488026
788.499896736886,792.116171003717,245.995662949195
13.1322276787346,85.7412841353594,268.674457429048
28.6298293737505,539.400127078587,265.991145825262
141.233269186418,326.250312857991,263.80985417604
377.140974104889,896.584712224611,255.565329843258
555.95794725588,182.780042765502,246.555523877406
563.877823491449,1187.54178767344,248.6403678606
142.760824079942,490.775939157688,256.115294791766
181.165926474217,924.447816432272,244.72366148532
285.893204452255,299.903503222027,263.484663151728
443.108200293714,150.852077312994,256.800606376427
131.347824751676,36.5965728943643,315.230243761188
237.267633131913,991.931543517439,253.608457896039
196.250841955156,833.628447465032,252.413301374435
298.67263336005,664.330592414482,258.568577393851
336.195075772933,516.202296296897,254.824672218213
600.104414148662,213.506331552792,270.772555741582
620.944347000978,979.149318534706,249.231338777388
916.710700807107,378.057756837879,282.164382679789
217.44342428553,8.57972326393379,261.200913832493
342.363749737612,249.325496684653,257.943299541902
845.245678360101,1036.5559805579,249.978835587489
921.798315974301,642.655173789856,252.29246977134
129.629746436231,816.056263403557,242.995710861612
482.015401036901,569.499237572431,239.110094541019
512.170591745857,159.577101409356,249.439517054584
675.628739705392,896.790662929534,262.241082122263
776.206477921256,473.529629181369,268.768459468769
891.232179749736,852.440063874128,273.001132232076
927.581276473907,1127.60128085289,266.673837253366
920.028699992437,1026.07223524667,255.321119766064
178.216373137217,740.196245403522,240.977162763693
255.71882539748,725.635349431877,256.780834347225
478.745686852071,226.329788454918,246.890172525917
712.59880707371,332.492491805778,251.807283329522
871.961016513234,441.051801478097,276.675200647518
1017.37478677605,3.92762570059297,262.655836244009
982.027746820802,334.143309377654,284.502578297721
175.629122011542,618.673928276999,246.512304204452
350.086009174312,324.759614176197,253.373680407189
514.874031050188,369.853562669703,261.617385258825
679.604572658027,218.401820160253,269.66328271837
695.475716628724,641.586693104208,275.005887248782
760.368482468124,800.668345856102,258.199510473588
1026.73749573233,1078.16524411062,258.138059064527
30.7397570878667,757.386796266676,259.422556377762
122.166382363929,893.823382737498,265.220459895311
287.837890733184,61.8342626613246,253.774819519581
394.285500169221,105.147028960982,255.75748199004
714.792218792433,1139.98674024948,272.07410528338
752.493271196918,889.460602025774,250.543154691141
797.796256540796,339.851954798799,278.14709749001
38.848137973138,1173.23916361416,248.052503052503
334.711450471621,759.326593397962,271.070104928291
469.342861930571,584.84031404264,281.018182717216
480.328540585236,96.9008222702007,249.394000643116
804.902305566376,416.598111772671,255.108489603621
133.223352083105,1015.30147439011,263.030255550507
338.424664262144,1029.711319162,269.775627350165
380.408802555508,827.377263626752,264.327030796572
417.62641411856,924.074600814532,246.988428469843
86.241885625966,826.463910355487,261.866182380216
444.348758339804,376.80562114705,263.962750194133
724.739539150674,953.347358525826,267.612966979449
713.085954711916,1035.57220159325,310.193780183545
842.868196172484,1205.42491612803,294.371104437302
257.341582980344,775.566607967255,251.706201513493
345.711617148554,1178.30378464606,270.706608175474
431.435555358005,1190.89470676386,275.327772980112
666.818791946309,371.800948301532,259.027968023456
721.668721919923,570.059415503221,261.235040487052
881.016446895918,11.4775920020684,277.412852997788
972.886950714572,929.659471973643,258.5828858911
54.1402050708525,1176.1656017364,292.644669297411
391.978756694951,693.159896491545,250.027501955828
431.273136128254,455.824870539831,259.606724835071
101.257460799191,409.202663968977,260.521960883494
167.515515665796,247.908312663185,294.741253263708
563.006454199685,889.434647747713,270.969666932111
555.065945079174,976.544459349029,270.518402022912
773.190900671452,984.937389056109,256.549780041676
805.272872014101,775.658884420251,291.954343613364
1006.33837359395,1072.17370459155,250.549511340586
69.010172100338,657.201891653747,271.472634596295
253.168881737092,623.303911635576,263.955122474522
285.363191470768,516.557834483964,275.549357685922
398.780887960909,339.554555077066,274.914393840532
496.370595732434,108.152366073264,266.4149159232
618.052269711712,276.310823851072,262.152386313377
769.281440610349,658.791155350113,297.807999947247
197.983255639257,841.695772412393,302.840524200266
375.031495011286,64.1260334717974,268.112837088782
458.575102169129,992.733228544483,262.041852666876
500.943450060034,316.839287261564,277.308892519836
513.897254627664,1052.76598136444,263.899952536784
788.046337994786,892.502666508651,262.68784072055
885.293979688508,656.304237269829,279.65620438632
1022.044047919,42.6130517442793,264.665803880248
50.6130920980471,487.444126418711,287.368136258938
142.957003891051,96.7896887159533,274.404195038911
212.526327126836,729.416272870471,270.00018175209
286.551011108523,386.349457737993,266.073344607252
411.707901849287,895.351064138953,282.300419455773
625.649319245124,168.282841823056,264.009856489513
1013.07790704116,786.413445238491,274.774006980223
1027.39426633785,267.040073982737,257.634093711467
315.355256179387,449.497551679905,291.90022633085
400.589314765406,978.953081278063,255.583002537906
488.384609588869,1095.12569589204,275.785648508593
651.325199121388,558.053791310206,306.150980086469
685.230752397972,475.572504467705,255.825577154528
844.106322367464,258.458950031973,286.620998262769
1008.50560349221,667.464037512517,277.49343710837
118.245307412373,767.532640618017,287.749365542999
218.536798612904,161.323643339359,262.900505404508
317.07905520774,931.527490039841,260.68764940239
705.816702220115,423.610123515314,271.003370993653
979.818962517199,110.452101146274,273.806803762736
235.933414617625,663.944500891869,281.864962707068
330.705851977414,861.374176311447,262.664889258091
478.394142534519,1026.72326405763,270.343929561762
711.251460093295,147.21261972765,285.56808367936
787.048465577036,846.363893669249,277.570911918094
968.312284588872,252.655274495322,283.787592319055
259.158189401151,1102.03019931396,276.699177962132
479.552604094983,217.564521482873,275.279184241845
585.091850431448,1105.30949185043,265.681687440077
796.644888787758,1036.03216906536,264.355224984356
1015.43994076349,188.34889205792,277.162626151821
62.7058617366161,158.665162533952,275.563491194252
273.686284499476,1179.71591930584,290.722158352828
299.017438654535,890.590042275526,287.214215145667
326.209788378681,1099.42437731597,288.847897672721
549.10051461552,263.680126404494,283.367044856039
717.928232297735,25.3162810353336,303.548297984582
726.053815116127,496.19972772602,264.301994488912
721.381108292875,322.505603293823,274.989018246714
941.378993844917,1191.42591475673,275.754044106276
975.548226681812,623.480310488451,269.936476082292
1013.31439804431,600.827427606543,283.113158093702
75.7470167064439,1206.57460041947,268.993129384537
201.808726574575,467.813315059892,276.303341141808
503.490006845871,1164.10732265862,283.530470184111
857.06512336758,1037.26408282313,297.613169719106
992.54026837068,1031.77364984692,303.403177431666
92.4580923119175,962.406786934208,271.190408348925
157.492857705331,689.773100244114,284.103252224585
160.720422355397,206.218312080386,278.825110019676
306.194767118204,812.675153089627,268.886658007051
474.865803360318,29.0019416563581,283.288542661635
907.395365035339,301.717216160498,285.702073078585
25.6691581241144,688.798013531818,336.957722594257
116.618991280944,447.460511929126,283.739224536713
187.768432425852,607.498631929755,295.272347937242
411.494948033676,826.808396872943,296.349150157714
523.020808359915,624.616313483275,316.287407640681
847.604587752409,499.422707821885,280.059074104622
1012.32083176922,947.605364638433,281.30181210115
15.2111149753078,476.601516310774,291.079571537873
252.346693830551,187.031681355832,277.728671184139
302.802792544318,216.465841099669,282.589136769056
326.247021702635,349.676584211484,277.027568212617
420.021966370994,93.6279305916435,285.629767344623
664.263311435733,943.318804563921,284.222156193275
939.62150985925,46.0835388226521,296.710988806128
13.6254283847395,407.661052659653,302.481471109867
35.2715153704989,1070.38335758002,318.310639700545
340.927122550903,29.4773722627737,270.110449481368
637.78545260774,1000.93887519705,284.898539784039
741.426497164579,189.877921106749,268.421574126005
1025.35287132988,711.490177029361,273.139248704663
33.6335683082613,1027.16246376461,281.488085721438
123.349439111684,533.78019754398,312.764142353075
127.017135197797,1209.55975583249,290.645196348355
177.714022404068,396.713001509494,293.41034400572
216.891188948457,961.792102874752,283.880704124277
253.408976666253,814.496617847834,281.754809482438
309.789657572573,622.828240367949,279.687857406068
377.183969545662,401.473223814606,291.400242033847
518.156440169462,491.019118322624,294.325856524673
530.867428153699,844.048817410639,305.920646959382
766.771782945736,511.946046511628,266.745271317829
798.167801512628,58.6457423580786,284.376879530005
1026.97605347026,1208.06967067989,289.923202903683
4.21737660581474,837.15753887762,273.135395537525
34.5094919194155,936.564118884215,278.908124861634
43.8885055894777,599.643820324205,314.893656693745
61.7799212547435,80.7211213428138,298.273821087669
118.544541135915,242.000966914701,271.113843696137
263.82139742611,1037.16235254649,322.696956527126
476.665985467757,1211.7647069098,293.963337525327
656.001765307071,112.904301774598,266.829787234043
761.315866854476,1120.02293956133,301.96553548362
961.534038587156,744.753357656093,271.043573852502
978.582269838769,388.774938291056,297.700551441626
6.97494088031124,1112.20768174537,279.997940346327
94.7494307027876,113.413977228112,284.711974872399
295.945148918672,951.566201461912,289.011279047323
427.629949372275,957.758479412367,272.92315121009
587.130383341221,356.725212967345,271.201017510648
607.917214519778,732.807968450206,297.535156010293
683.308870206357,769.282192150339,291.430913096255
719.996967484697,197.337030381311,280.734626832145
854.594451812555,977.817274535809,274.374712643678
992.939348949742,1214.45474540856,289.675189706368
9.19452309259509,1168.43798780579,307.888634218687
105.692672162004,364.149057533054,298.42100420359
342.892824612893,282.935583442971,272.698006274669
392.422690232687,207.367389177066,276.829801605514
70.9036307170601,421.338359415325,310.42011759244
94.6938598680197,1068.86669577996,286.749050352132
261.687133474079,764.232612010321,282.130629838142
292.726729818781,977.509060955519,269.33607907743
365.723938813753,138.390306745967,290.615803731465
463.533383771515,948.394552676376,266.234726688103
552.567899034551,52.9946769525266,289.478735115155
767.985869173288,1196.16663869099,315.479245153991
944.354855347681,877.037464247198,280.58236038824
974.886625558154,869.2068466936,279.528301084414
484.225243925674,435.494075255123,294.505229485675
847.378163921254,41.0274206508638,276.973282442748
970.242362466981,523.665900999196,285.437909153555
186.356472221868,1211.71375976152,303.281284635082
547.218606396363,197.690255368928,310.735820071954
907.183180337578,940.384838614155,283.799763103346
461.467667413343,681.289981007362,303.3716994653
629.990044798407,413.635037070027,282.463205050955
694.813670453303,299.149731686681,328.525656202095
782.785858231226,189.604887125654,299.136614822877
892.583706602327,556.659292886546,294.898131914636
1014.79170184266,422.921746079987,287.903477076509
33.2854072986722,268.127359484547,319.001628647044
372.345407064827,277.757036918906,287.92311219201
471.186371786693,509.672040137239,314.642070826365
591.197676530452,324.750092375137,292.812832315641
738.262131204443,232.842832349879,278.72190211732
1001.6041092458,67.8584050956758,294.58933917103
223.363976329852,73.4407024551935,287.191061013312
368.741098143115,938.187778361464,279.692711783112
548.549416700597,136.901083986853,293.608678975848
559.916931853462,1169.69736042119,311.994123848701
104.829233509751,1139.03507073869,297.218903807739
136.975708864274,1034.2260282003,317.828669278948
369.977803455598,1042.56710262152,308.130094519376
724.922714133577,843.806328921345,273.021299254526
829.445426736796,888.371842589741,326.481064355563
857.466855880308,817.877815512272,306.913197872896
149.369665874108,459.756788887498,281.832999624578
304.875763229308,110.855495251018,280.444369063772
635.394940724434,483.816052944635,312.966510330494
6.46753774397478,588.748411421514,320.496124031008
82.8496989365996,839.867738029538,301.360435903561
363.061019382627,882.458030895217,290.190183722847
398.983087327284,490.854964202093,311.247272846115
915.879870287014,1211.54434280367,300.676282206411
31.8959786622897,837.003282724662,281.390695527288
236.717954670233,558.810154427777,305.572967216799
323.241649301372,492.096494336787,316.697777714774
439.392166923208,992.654543808288,298.613205364239
1004.52648694505,898.859034781789,282.433028560656
1020.61074427003,536.038182225561,304.331211366362
15.2489160565783,1214.6545596702,289.562726561945
146.266101062838,963.063210889428,292.149356703338
359.967109325916,662.241892784457,296.788635130999
674.369118681168,391.716179277455,301.31881123207
733.376195252424,812.402786136186,296.976306697871
919.159392732999,725.659793814433,289.43379185359
961.752994765162,1119.17829558591,320.698184513636
161.343866002716,924.731009506564,280.36170212766
240.430576796536,386.195327217934,321.11716808735
396.406308629218,742.714606764119,314.367872944529
476.398112522686,932.093368700265,299.022348178138
901.257029258844,122.706392088898,299.821847283107
970.907554200055,910.110903310267,294.844010300528
60.1023873905699,214.2950678579,297.055892043958
223.200463449138,280.341520356179,301.52101143001
479.235008767022,203.421736959289,318.30175453088
590.017965764968,379.664372425955,309.511114666151
592.495932801324,1042.56103085347,342.56308147483
704.621157242194,462.178590385135,311.817036490551
34.0951884826672,128.167929532108,282.46817579087
329.889193160566,312.819462997596,286.92472615549
396.59979367793,605.302426677231,316.601349069822
473.407838131707,109.274693896847,297.416621755779
599.368142427209,855.10407677339,302.554226041553
704.291243771574,95.5748919915507,304.081453458846
748.124959645987,888.726427350966,291.31421012433
758.798924000701,950.621230715288,312.32454746669
948.903111101676,629.505641591746,312.96685100466
985.659710370318,706.049468305343,306.897614695576
964.940834350542,966.993839304947,290.344726071659
200.82104622871,511.060340632603,287.902554744526
426.593998968304,160.465610133547,290.90760589213
648.680780419005,204.548702729704,296.6373519819
848.403097113148,722.457076775201,320.396008323048
904.163347478995,1001.53628090646,324.048883992645
211.807706686438,1147.29350570692,328.176554129552
286.613827609734,997.682055947237,283.75437798499
379.803258983186,1196.2716435745,310.66692509033
458.201104165716,346.195802345211,302.810065246156
538.270678225601,939.200207640693,332.209131342837
606.563063774525,262.568039029869,304.639263276122
1026.76615764307,170.637564913363,297.191732222736
48.5856238725655,788.922554804782,292.362246613875
73.3303174579259,714.533651745491,313.548914435522
96.0990089882461,501.744503341784,291.696427748329
804.755937195908,955.986665965337,299.539804854956
939.287412461842,464.06819895852,311.782962829952
319.594022595271,580.96898423102,332.836953027612
321.036498534821,380.141774424839,340.706338300393
350.470111473202,60.6316454021814,303.150146105653
516.430188966778,398.759189271564,311.022157878696
736.504314237679,244.32143502244,303.347292659543
751.887867236092,379.460414457279,307.979632548941
820.088966689557,1153.93431347165,317.50576938231
333.438864665864,17.8763211916597,300.680674549989
802.787265762873,329.730640214468,340.589689300421
890.958192662209,180.61246340141,310.170150009037
990.66764618784,489.991184309438,298.570491355156
90.8721003680333,954.25351758632,323.442439203604
105.22543167913,598.797165193746,318.031651937458
180.418980882217,1096.6582603125,329.871936745019
294.99756687442,171.452320237321,326.845512356819
328.35878222561,805.682850258709,309.336011937445
433.075273466211,534.272039431017,302.535518180639
673.693630260357,1088.13357037592,297.05508900793
706.94075437738,1189.28273240237,323.287002850387
859.21876049703,1088.03860987451,343.609963626293
897.403400374979,485.261334583262,290.05092040225
937.860736483471,163.651579967127,307.528295725435
1018.55890721288,864.798055529336,300.783492226163
148.267278399966,890.220457455765,303.94215653675
268.392210792018,17.4910939658046,311.661832642758
320.51468802108,1208.50271733536,318.856804660642
475.755930630474,843.275506061133,300.742164994297
590.559295721318,160.383226050738,294.182052252935
973.184922809597,568.747393570808,305.05301410145
166.032051488335,741.541455005172,318.595246523388
161.038367488399,164.033053289605,303.677046897163
267.370322205563,934.537125546954,330.768152749304
347.359100318225,728.52743535082,302.020174869466
382.603069850215,764.894557318701,290.352142963073
575.276842693813,455.938901420942,328.971957121098
760.394701826539,325.987056973509,291.820733034958
790.394173528919,1015.20837095632,304.917609719436
820.012540657752,509.289808456812,309.171593783881
885.86761347814,1156.38568643832,311.12778241901
935.799953088761,782.628029957583,327.058124009697
359.612204792877,1144.29668533268,307.856022399221
481.791060118712,778.882707165832,311.606366681036
745.197505498886,505.420056368812,332.839435308286
22.1850504750594,918.471476193047,304.457824983805
421.249023235504,243.537168761922,311.128680103882
653.593772559586,867.628496558153,334.953701335243
738.861833240214,568.057629736747,300.660285272948
879.016849225552,256.987249607036,358.566892142491
97.4229952303879,657.234119665105,318.929762487296
274.271436028331,75.3921673794051,314.153798265483
427.226729398278,1084.24120941452,326.375140608767
764.184781244509,441.879565250132,307.290582092924
771.586429949826,875.376132767271,321.404013894249
1027.34870745769,981.646503626558,312.760693695369
233.195503640291,204.168845507641,302.841123289863
271.204517659114,324.795899647975,322.372122233791
489.785620796585,1125.91802585478,313.929221537594
591.74964647014,795.674857123731,341.470550335121
680.532165826008,713.949285584634,352.95630810203
887.813930963975,870.753900139517,330.49443660808
1024.27521179537,1103.10644753992,315.866792929293
32.5905791813176,1123.76907384064,346.543703973993
317.097457696395,253.156323060574,318.15763099812
372.926510240134,181.923010929008,327.833998258797
267.837955318363,645.607854040437,326.77667657859
645.198673683795,203.081021692595,340.325835298064
641.099714753899,10.0295260059477,318.184196152212
584.743129898681,955.796310456892,316.781136493978
844.726087862774,20.2434924410549,310.058975710835
926.381165960667,681.354670210508,321.023579464179
206.647475865366,46.3836393677713,344.016190208976
346.702212882817,981.925488738346,317.527693276387
513.897582921666,986.591081510233,306.701173253352
523.162173646995,351.230231846614,317.66629555344
555.938083751425,562.183759086382,333.663610593253
866.251870830268,354.303053364112,324.161872267742
181.432357691141,478.634274908662,331.333430797356
234.767559810173,444.725639687536,324.190740227336
338.488161761347,868.170622896905,316.707736346057
975.725063688027,121.423590698282,308.528349336991
979.071526723078,19.2428943371664,325.98477616258
24.0117096547409,780.14365047116,339.863647504241
21.3173634238847,998.674143643571,325.033329623383
166.999868095009,313.549393708132,320.269755127806
348.323657320652,323.50889226744,305.492663437401
411.723206981184,42.8691441273934,318.476386444208
631.867264546351,940.433493589744,314.127681213018
918.15493038842,18.4156312256014,326.976496735338
228.008978829732,701.118948900299,313.152049754249
399.526721364696,319.05101083139,329.883198063926
428.302872891394,389.767064324588,321.975606357366
487.830860130374,294.061740051869,327.34660850276
698.866050211163,177.578548825985,320.038452540724
825.672784303257,222.814860851575,317.29916077149
49.6227441198798,134.305986335538,325.783228181198
296.862368149457,741.378570678888,326.767396400021
680.048619344003,113.278267634855,336.281404366726
1001.15945144085,953.182237567955,346.725257387198
163.162029861001,544.478647373757,362.567928749173
343.493834289546,919.830619924,311.555994337233
390.072581054341,958.98599624537,309.672992034096
387.339096627984,101.67897471965,326.782450279373
594.150653582938,15.8725495166021,338.12354709056
652.769737490878,1136.07327771532,332.170451452577
684.19773345742,956.339357027578,329.019967721795
836.202421935485,110.409959165743,354.235231751154
858.89571083031,973.613453438425,320.271216481088
99.3605343154148,296.050281096818,346.913299762881
280.525271563911,857.563088565618,324.120501392363
975.121650318536,867.706706947113,330.751750682577
1007.19364621906,179.095323469781,325.085973760493
263.923445187195,504.020611335407,332.465633066384
512.74104123477,125.300765188404,327.85709366154
733.161030693824,768.746139552535,328.490188215834
903.782268303005,589.099185357596,325.197716091832
229.036856176843,747.454925488322,329.681506220025
1027.61748973753,269.662520213957,312.828710038562
165.232384238835,981.015928836752,355.522109778039
30.3936299807969,35.2168146903505,336.423106697072
846.732430197799,526.262004706481,321.786713731476
949.475978802138,1186.23993786834,333.797025903422
1014.54830590513,497.405388835108,323.646111648919
144.6767052115,360.192257256959,349.863299954303
444.736461681793,138.717843987734,346.329087409071
945.814112523914,916.533373497796,324.248882265276
1012.424788571,621.014360979984,325.49653119434
73.5308431445346,1020.29923796699,337.783654360452
202.93046264661,913.174089872716,339.627294575183
962.064165115234,46.1443474353213,323.66447326186
332.831953532731,679.825297374626,342.24754947413
436.315202666251,1175.32693345162,337.754876338221
489.410690751221,898.795038375068,349.057050934181
898.248226470677,936.130786515165,346.119010581056
106.445593195483,192.842498900132,311.190350491274
204.4028693472,152.928001008185,331.410848599817
399.547066964861,865.015481305791,364.476831157772
582.49037523351,99.286178678421,353.442013601173
650.860356373998,634.929403051586,340.562873838081
587.348616654469,671.596859336608,360.892621905674
778.167942902326,14.2021723750468,332.08633318074
942.967147802234,525.01120109725,323.356802299001
1008.29105702976,1165.73200043982,340.616929335874
1022.62471820049,32.15993687691,330.793622564
78.7999715128207,500.851242374376,351.901837423062
195.512458206623,650.420126346209,340.640627362691
498.174211744287,4.11339311541799,325.519887185421
858.666062948647,639.936797349531,328.952048591938
884.948985502828,1194.78163539078,343.054856019147
260.805901001513,803.057223142878,338.040629728367
559.091160160392,270.518077002767,364.166872234884
801.622375019037,566.909113471377,319.913507476578
1014.35907046477,468.216159777254,326.16946883701
110.529569511677,1192.75048969085,347.638068395524
140.090001865924,638.130344423783,350.858685231535
224.259494751508,1203.50920278918,349.743011685323
342.828965864028,112.548461195616,341.289418648503
630.393442715509,1203.17882065991,351.789584227286
719.114813784147,918.110796113353,343.232190065396
1000.19933578978,102.4429522609,325.658578169947
157.803991309865,128.904619998846,352.891267567723
391.89023870938,696.981399057748,361.882497809819
471.501076138846,48.5272594870135,343.115640423983
476.49210035681,1029.62108232344,342.619346491369
1017.58326787117,774.166626382259,328.798054263097
126.413450815307,903.429666542755,348.75678920559
272.981323171439,694.399182798192,345.810623623508
419.649441215914,1212.9394278051,347.935017136045
519.709859658355,715.326783725598,359.61981827238
435.634450604839,82.9618195564516,326.233870967742
651.969710085286,62.1272616327747,340.328186862308
1018.43801370925,909.704739307093,332.635727800006
1022.23690134708,399.450964017283,352.312043861879
92.1836322803038,1087.93334875323,352.978298986764
340.174882423681,1181.50074808462,363.645379660003
438.998563087012,578.237956056588,354.375220435515
478.27178033043,1182.22509475999,338.53077167906
617.773736840045,319.290076709326,339.998229032132
633.920046023906,413.194400759696,351.242389223573
742.44462760058,589.138597057856,352.070902753233
798.768067149825,779.394061159821,359.507586453228
110.934942221325,813.048190947167,352.288180602513
317.767045815594,4.76043718624897,341.736798627439
373.73433395072,438.378079084798,352.929056179855
976.001104402886,550.531556471801,340.592828743926
965.540353157838,460.788755281118,325.494962625934
42.4468187234235,381.30772010865,359.96467758057
116.738291838811,713.507975927305,360.104823631704
368.624426159652,239.871609125215,361.96990770231
375.169462172367,52.0870236180508,358.941807070669
481.662721958996,965.510398677471,358.4361429689
647.943475304273,128.929999861221,365.601086639744
1026.47783239125,319.296116982059,350.631457360531
10.2513277577681,1207.30324766498,347.052621940053
699.758608092063,56.5036076354005,328.772216640789
743.551526228668,864.199266937296,355.621585937808
318.911646343993,56.5737217082361,362.293061375354
334.379474433592,306.052064546749,364.351390103165
682.959228577193,416.009557673879,371.359163010037
44.6059885767396,854.24441946413,348.069864635307
172.000344134321,426.645288076651,367.825870297586
267.4908367427,261.914308132041,353.690093220497
304.818946293216,1125.74301548855,359.551469212526
408.298828417989,993.853499744982,347.719847889352
493.885555799463,1088.72447273771,350.587114368214
817.339713289423,953.220492409566,344.371709344511
1007.51860632615,807.168587319689,350.255736950563
24.3396530451938,459.539746740357,363.105643316243
22.8548277198877,922.37635539161,358.882088272265
133.616865490021,214.179438163683,362.082349270403
238.368186058118,209.769673168442,367.723681474396
887.255702364395,536.56488178025,329.458136300417
987.094792272229,1079.40047926778,363.936938094015
200.501973156554,279.751307748543,359.354419373842
574.115496407512,164.424474248202,366.08107850193
827.639457669152,46.5016234031098,342.521267396518
374.7908565242,1131.91948770946,367.794699933565
538.585420053085,31.1566565845696,366.852036652195
783.229464160142,415.375903614458,358.876475552014
855.971382782335,462.671402392432,345.109498725344
984.74934506754,19.9793696275072,376.433394733251
79.4031382424218,343.019840786321,361.668067909508
417.927754664807,22.3830746618171,358.952791410279
477.013811987446,434.251211380828,364.273450789912
192.214834055789,1037.47084808577,354.214602428775
238.193018059188,863.979404095306,364.735953861592
273.368025388452,1173.75991427276,348.695734245559
523.209476033853,1151.17499191532,365.827910682032
1020.17324492333,214.091951927062,349.798358889349
833.899417681313,4.96664902064584,335.630845244397
1028.42837853044,740.914931923034,341.383594013728
248.47290124602,115.635203749789,372.106153757573
539.39620178315,799.731060751503,366.583847211236
986.375193632071,685.6326263041,363.739870476475
416.517620170052,200.283845978379,372.79136233725
444.698936144075,662.613282228938,367.362295766689
761.699530590534,1061.63327030346,361.935469614655
816.695836685439,645.043986323411,344.538797264682
1010.01215536199,553.802267381988,368.23112276331
44.4588514647543,972.406640982606,352.73632514495
79.1686511874049,66.6783422636767,362.630244096051
658.451948859441,352.358483548084,371.695105228972
60.4540331601229,188.790915655486,368.630580372945
868.260608826022,515.641776937618,355.311110748973
205.257852023609,346.370511076192,371.623615476008
244.250897972738,574.226098275053,365.844918867543
228.374230043997,523.913576367065,346.342017598994
308.394389681299,812.009840087775,368.772572159204
453.011672726279,263.939153294515,370.897824918218
694.545167703528,1083.55238292026,370.28982609764
962.951781426982,602.6285061779,358.411748467028
990.170464363873,748.693701477665,366.232989196587
543.39443453672,490.110859401359,357.232162079658
88.5673889657292,1139.2073664259,354.278042450011
791.08900178327,689.970235972297,368.854966200805
494.708940539236,185.636691530388,370.837875503896
757.9795119491,979.898223153321,372.186553382992
795.914647491011,617.525246209161,340.968891667969
58.1223382190265,1213.96276963496,354.712216537611
543.76469876434,413.77754403928,371.877509133642
980.130050306849,102.289529746821,370.082950238827
1015.65052827895,1018.65711407328,367.05609997752
278.438060265687,442.383102926882,374.607881520683
581.808410134549,887.054885841816,375.657997495263
731.926807415443,460.023672849131,373.362796294914
786.306390502652,844.479312957818,367.95214700682
822.920121305019,1191.83263721072,373.853330204143
887.870423539929,615.928910512415,373.123040507312
934.327604983447,860.598013591218,372.919400156822
958.018231568241,998.391876250005,373.988390847783
332.316497757792,511.95242204126,373.842829704178
449.679342914356,740.170376211657,368.857352341798
811.362652365231,477.388863808193,367.87071052102
200.610638088378,705.585151865345,372.036488104184
70.3804368698992,761.639966394623,374.478468554969
395.700716782421,1049.66347647062,371.397396921427
663.232626246636,941.478507324558,372.964223523825
1015.62962344549,72.0853425590746,371.453054245756
1027.54395013969,132.112400601762,350.79067268429
152.599022231849,864.402238655878,376.466528458932
490.121293206573,1209.33223152637,376.501857331738
655.049528882523,1103.70581455205,374.996184060339
758.784882780922,635.931107518189,364.174438156831
766.906197157017,536.017679708782,373.23294039677
100.41302821789,133.085208907573,375.127577386028
450.185853931649,347.58229868882,373.31833382512
510.128762820011,97.5998541846082,378.763544194786
578.157846312844,1135.45658092081,374.355292842469
858.758740982311,416.935029811905,374.917340316896
135.295820853893,1157.12105776957,377.183323261235
269.186900292032,23.6747020732437,378.852623750703
380.139468927926,558.36649973925,373.374500825112
685.61461056515,1012.31636294247,372.81955284165
705.201281165276,163.526962947212,371.30531072245
913.893825800578,19.3167803792417,378.495745613542
1004.69878028253,480.651551837993,371.755454415973
1019.29601597475,1210.58082385906,377.806692647106
104.723272034402,570.284572422473,378.647196098311
382.263242753718,385.808379879495,379.355490527616
633.407667769935,497.253845401452,372.108996425157
735.897023008978,17.9081094834793,372.191850532514
24.5416687397383,90.6473345827045,375.006003615437
526.656899537177,872.621946430985,377.106642377584
593.257070707071,385.786255074106,374.803530633437
638.729736186907,276.563337776325,373.066116741695
25.6085017202927,317.23162873057,381.246612648354
84.9460716008361,620.974971863444,371.952060667774
788.652903265596,911.84862314595,379.538530327793
868.461538046149,837.680381028496,378.25066015779
150.257748700001,82.6219595842347,380.911600039865
153.952394177139,1210.43750144646,374.733180587378
315.148922686946,215.020248657131,366.627195364838
480.003009952819,522.636945965492,376.603161483624
519.983862324814,348.261321791701,372.374388568288
571.224643611998,1196.06400143904,373.337095831272
723.667477795352,381.478849819524,378.797129956334
44.0076438188784,1176.74481768971,380.105365354651
337.620638460599,992.17247562551,376.049494514535
369.50065907165,1216.00950946239,372.941154316919
664.113403959612,18.0715896435244,380.607435087945
656.790982022037,1164.1772182486,381.438754798266
858.260570520507,996.991469490022,379.371147865423
856.740605760093,24.052559811578,366.76160489236
923.219846335779,435.174376387439,373.554691876266
908.287285668069,1213.11993344734,379.532236446827
85.3549287978664,247.938392123316,378.526895788255
330.566346655216,1055.80465601325,378.922890531546
626.718891832502,53.0458382108311,382.362279999179
159.070032714745,1079.39558785212,370.055441359544
230.551056468553,1015.12533053256,375.967749907327
325.247441337445,657.681109383373,376.930334097638
617.63688704781,588.885731803975,379.169929264682
908.29201921698,1161.36966394187,379.341507720254
958.883856643076,923.203488244703,378.278373028915
412.108198828462,490.099890434507,378.992767903118
677.40931834754,559.029594428101,383.675969927837
698.493898046065,614.657155332387,379.50468289488
737.580564019378,1151.12010346566,379.743462153927
908.255174376107,771.609239554359,381.009222874692
1011.67765644687,633.411231775365,380.023332033359
77.0263738283404,428.651314096673,371.039882374563
175.389498214927,763.163705093725,377.916741750388
457.526812883964,7.39142791525521,378.973847390481
726.827218722222,809.28909084727,379.721532206749
794.321571028,16.887524189408,382.216184194937
997.092321739476,165.262713450425,378.59441725411
246.869800569801,912.833507439063,380.358467869579
450.051235141519,1138.82972277074,381.79415437333
994.401307397959,424.593853166267,379.898493772509
233.685293510426,774.802594453238,384.533015621774
268.738323994485,325.025090210344,380.387325079943
437.93537027874,89.1976249381494,382.04102754412
103.48401889092,663.00485984156,379.625959780622
895.502575654814,337.83703936957,379.940598456222
989.389793359363,834.147390741439,380.774193877239
194.536693498109,818.638308926419,380.47212485626
245.991331472482,651.523075297755,382.787957474728
368.900757479747,623.467200249569,381.008227965333
393.846349329205,133.87625128999,380.855327657379
508.401693772569,1015.0154046491,383.009798760609
705.006567691374,1203.98445002484,382.758430376952
975.099358883032,332.128492052185,382.502269350538
96.62347938057,19.1403544441056,382.456321371692
334.025428513144,152.000033208879,382.514552605237
698.826073081219,84.8012605712462,383.299744694431
1019.39144783036,333.726793989608,382.729040865047
23.4748948665893,583.149144431555,382.583375628384
232.673379428978,1160.99197693874,383.025177898281
295.975071792756,736.065400497443,381.825258233638
433.821595960207,1004.01069416306,384.080503563041
165.752127967709,660.620301419268,384.85641006475
978.631386402577,1175.9179153353,384.3357876701
1006.26380459656,888.041811760024,382.562220177097
157.92374110203,315.977969285526,383.567756393356
310.414250547046,247.39921818016,383.65659190372
517.334689529017,605.369216234145,384.343498100388
77.3449593254948,982.506833975562,384.887379376214
105.647850256713,397.146234255531,384.12460754257
149.423170913109,1051.31360632398,387.361269895238
292.668672932173,1202.03488388331,383.523942521191
656.767355727821,1213.9571920758,389.097243755383
738.491998171011,920.937677183356,385.356195701875
8.15273152205668,1079.29529652352,382.927665790242
248.18278625622,967.417598240492,383.68841525645
364.415088251428,8.14652641089349,385.081378464716
543.148305287122,518.937099008167,383.572883001926
1021.22204686497,1119.49152043655,385.251792210571
29.3461560743873,157.399696811695,385.192679064558
23.6407260846361,1004.58867786991,386.552126316338
5.36673019330248,1145.59283964062,386.492104546692
82.4954241645244,898.574315093647,382.875607785531
232.147912174084,524.303114585375,385.208574299157
470.485874473106,1064.46931398093,386.555717735005
661.014036652439,809.221167526704,386.50529825232
690.267615265248,875.39053417848,388.101575445149
21.0644232815985,819.813902694098,385.23904452527
155.576362400393,17.5736999131387,386.674591185468
189.234151160876,1112.1120596841,385.568088259509
183.139802778025,171.318883002404,387.471963761019
398.905625242467,299.866261476788,385.040915556705
956.426669683599,464.045649960403,386.456612738998
657.139625732468,182.939307542058,387.604766555353
187.048228882834,908.376718135029,387.197411444142
522.118914901524,1082.97654217763,388.197432800694
817.787553210624,62.8443671682955,389.197254032016
124.373663926002,1105.14391058582,388.542163412127
552.296386093321,667.715416285453,388.795791399817
844.108814736039,330.078094588358,388.275939562975
1026.09006503803,762.139521522304,388.940914209547
85.0060542682591,1043.21705469022,388.76845175849
255.128047353108,1085.7089422466,388.872036250543
732.635433990305,1043.23643890874,389.475425498036
130.975907462755,932.462115854076,389.355524628687
818.469774358311,739.336910842439,389.547100278011
822.250941234245,519.556392208217,390.083483385169
925.263267408323,391.316192830655,389.447239390194
991.164305620065,227.67631212262,389.322642823967
55.2133427628477,948.666784535596,385.535714285714
616.257702994751,144.049305341155,390.770546464958
704.06555365672,953.528723544104,390.326804259235
844.292742047186,915.015882543054,389.51583637287
904.186072987161,494.063088988679,389.800550249826
194.603462025613,597.505887319979,390.343903926444
186.026956754483,1197.91492371812,390.452873475318
437.994628806021,32.9333561409511,390.634656175162
664.976989649728,649.426524764634,391.312291678849
313.401158065827,622.31064607883,388.78311661926
804.532432682521,566.788285370593,388.977977236976
951.515675675676,63.2894594594595,392.072756756757
975.242414138046,785.008410210811,390.689192693861
300.505749770009,1159.52897884085,390.213201471941
593.083771209,790.139626397537,391.370037730608
619.033728578256,218.965452104053,391.90068048886
791.13881408465,367.697627153092,391.494690310452
820.907098835882,388.634558320018,391.500266301453
565.847460791636,476.87789395071,393.808812546677
800.689786566384,809.639678230767,391.731402385874
864.797945205479,530.004761109255,391.233628466422
899.00255164034,63.9097812879708,392.409113001215
561.287061212649,354.263417464462,392.205976211198
93.7636398321251,1209.55694391454,394.056371613888
205.693740219092,1044.63528951487,394.434037558685
255.371289479933,378.264663975303,392.041201614818
314.25365497076,573.26989928525,394.239116309292
430.669167256428,559.889879688606,392.860202878037
767.919199034011,337.512628295432,391.805795934796
936.251895755251,1121.93802841454,393.496905778785
1011.12657625506,953.525101118249,392.711218177492
28.2071128394907,14.2366555855234,389.858213636079
68.1412396209008,653.015683972155,392.725824037574
730.56587216886,296.057630736393,394.678524842879
505.618509837346,781.206548760565,392.614958448753
387.632288856609,1007.80307117659,392.445943141731
769.576175548589,488.255709807434,393.435826242723
122.092174393953,766.730297723292,394.489353857498
283.456074035454,513.063086548488,394.017205422315
491.183655753968,297.441344246032,393.868303571429
720.3683159846,204.498217595893,393.945244545843
601.853014761071,455.892419314486,394.418438829122
959.492257664912,123.703623412821,394.516104056984
92.5682322112477,464.53638379359,395.114425855002
739.691717137252,588.165401347778,394.773607438369
964.552147239264,519.758494572912,394.417649834828
330.201448707909,1143.40935787001,395.390955364135
278.895836464753,1023.92905456185,395.473320306629
858.423273855702,150.688906128782,396.37657098526
