20.2549023450427
36.2124124534855
47.5521244313921
71.9546324260911
20.175452211501
76.1098063042375
38.2623065521196
28.3820614602751
32.78844570467
57.5173173923818
62.3240249030233
35.2311365723407
109.514132858058
58.6777952732505
54.4237089607521
81.8158523085832
75.7236388144102
28.9757180734568
27.870256608063
72.2598741149085
79.7657976195455
20.3475822096712
51.7610716020139
71.3392588392345
42.837297464734
49.3240182595484
70.495083020072
27.7368449510746
63.5772123998171
47.2791558131376
56.016575916861
38.5330363680227
45.9882603284889
83.9104847635127
61.9620099106754
49.9214841878429
45.6522887314713
77.1634922999891
68.2442956030093
24.7008068880619
107.438423804594
82.53535086345
39.5214801392966
28.1445702130265
76.6300272650937
69.2179478001916
145.14684704772
44.8596831229596
35.656302345342
25.8591327679222
45.5429778167977
24.2783426646685
35.3924708491747
39.45002438297
83.1066002868177
90.2866255544677
161.90021855239
81.7694145177327
34.1548545007287
55.7761427279828
53.948436624613
31.9493853814813
66.131918992156
54.1530536776051
20.5726540618501
82.7780852051856
70.4286626201543
25.9009545654756
21.4285315431801
66.3577918265877
52.0620395507096
56.6099913408818
109.118471892713
79.0514166755161
90.8676671202215
27.8956408609848
30.5438234173612
21.3128350118299
59.1420890126799
27.7690798258153
22.2274550570079
59.789471981382
123.215796582946
56.6881524435957
42.4539947268126
40.2080765017488
48.2895269307088
113.930661292333
54.2799691008816
70.8785857745072
54.5296795728584
29.177520024473
80.4500038222615
48.5669435941806
52.8187944373485
22.7338279101108
75.1248261263277
67.9670502241361
41.3797497963219
49.0079869768784
67.770515499601
72.5401836724724
91.1973877798086
62.8591279561507
76.9671166841843
24.9854961433012
74.9341600475614
70.3353601090472
74.1229355154524
32.8516846891767
33.0288715425048
87.2284812390806
66.1336657296716
61.4335335182097
92.8703947655368
22.5713049475122
47.15408262966
42.998358342662
28.5759382997781
77.8441074963035
61.4680939131241
30.1875705775423
33.5300993906249
40.871992308099
83.3214553076146
71.6094297111052
86.186454655094
40.2261822222204
32.1575790125607
83.5649385697773
27.9829045070673
67.0019657423154
61.5095151548959
59.8680827556858
54.9836332042819
69.9519763197949
41.4076157067184
76.585986199389
55.4699659192854
47.9582862219613
55.1316917366712
101.433161556073
78.32108334184
71.6708303039892
62.4422973370243
91.2972458230136
71.8780700899211
33.2261050683505
47.985949416295
78.8134378227651
61.0248022281544
59.9335525452106
66.3849609932521
35.5281550431352
27.0427276054338
96.312821054552
90.7550368629163
83.2023510304392
37.107180411757
119.366510447763
25.2847701931038
88.5655742090185
67.1829922409177
29.5043709300083
30.6471966038557
69.6045759244135
89.511676647034
48.6103582425968
63.6539790686005
78.7966259509045
52.7110958771929
68.4965183681306
32.1002240234694
125.774018200233
50.9493085772644
123.972750862673
70.2749543186286
53.9875621783302
47.6367174280335
40.8262101445421
30.6918659611827
26.587665310055
82.9624666260117
39.3561266389859
70.2548389546704
73.1172648438724
28.6412762924191
36.7863220819079
123.933056190491
47.5253630630967
81.2844785282853
27.6071500486395
56.044559875601
62.2108951277774
32.0346007329544
23.1142084738438
38.4965572950139
23.6646138235101
90.3990230724176
48.3530540165126
81.0219369279151
92.779221580445
46.4106050459511
78.3198379359859
25.8238594370446
68.121049136743
97.9746069279394
54.6776481585511
82.1322789925786
111.618599422649
41.5390082368405
61.8834789675641
24.6820110860885
89.7757992020238
56.459409893112
92.880136895393
150.061546693685
104.941991813045
41.6416913340711
114.821696986919
21.1760115849329
83.1447428717909
22.0717409775315
95.0005290278315
72.8584214652924
43.9959753463433
71.9499596560883
81.4251030706624
53.5511349489081
79.070767884429
58.4656909204971
59.1791950450642
56.1109605663569
40.7439260200926
62.8924616530687
44.3719662370929
101.089454282878
51.6102221933174
42.3655058784192
51.4647358650468
26.6523491906676
61.7718983437187
28.4089062780597
81.904869187411
41.5681348830866
55.2266178677902
70.6073792958672
55.7620192311856
77.1910676407412
74.7673533021965
75.0986471598615
135.535451665897
69.1182811201708
55.4273113514534
95.2234723470389
30.2586594534076
79.947686074479
55.7943494356617
70.6160616090772
66.3970932231927
52.095135955805
42.0085204279539
39.6996040981026
34.8028135653717
52.1335782397579
59.6754575099069
22.5825456390852
35.016467708531
61.1202136424059
49.2419774145418
21.6589635287891
63.6706293385382
24.0218313641883
147.999554680329
61.0198442952612
32.220250137873
127.535335219897
41.7610343283853
88.6949999469765
36.862845063343
103.077739903402
55.0776009428374
88.6733067846429
67.1238418137218
64.3626796263294
73.9021233951804
80.9105496748297
34.4137445715389
85.2669290482983
74.3217002279809
46.7290970042137
38.3477805952279
147.517612872529
41.3912722552719
65.2103727276945
64.7107191775381
47.9652050122676
84.7790457229046
69.4894080437108
63.9701013631562
26.4263866980274
40.2686273724141
44.8941387921566
40.9412334729343
62.186376019582
42.4804695738592
32.0283959640195
77.2280176246688
95.5357891484692
73.6995624248142
40.559399725842
47.0864156338971
76.9759278591138
81.3728344304262
28.9984477015988
133.879697662682
53.0462352906148
45.3305144258991
87.2165149602614
54.3453604768727
61.5802735721278
55.4829976725287
20.4409491344068
36.7123136736103
56.3852187302601
66.2472964328312
127.198155041068
33.0911958108444
42.7841519841984
32.1051658457776
85.8945010398162
86.6892561345027
60.9529188755856
135.807575754534
73.7843221415837
76.7874448735006
93.8567827082217
95.3279688756634
98.4742395848969
77.1540822483133
121.726467484264
21.7857848176336
88.975889744514
39.9201351991105
59.4776217995133
79.8837900997584
122.269604062149
70.9312627266309
76.9841999312548
23.8674922495269
61.730160336249
36.4041285140655
88.4607518180825
163.368767636945
89.0166413298394
195.061449872595
72.7910796309753
65.4713172002256
61.1437220088765
51.6658505926314
21.0718632432653
86.7627246536168
88.3290878965018
24.396570997538
87.1395343130879
94.8959459731392
24.7226992327979
21.7441241565161
104.333109440847
71.8948243398106
39.5084332470157
79.496537324854
100.998231207158
68.5268991212453
55.6356129308164
74.1306980621151
75.3977146300596
92.8208406404279
26.114601681614
82.7972196649925
72.5998998913432
74.2922993131044
72.8096981194567
70.7106625312371
85.985696674896
76.4594390721477
71.4727302825285
47.6235283458594
66.538884652012
58.1563854507793
95.4676639978125
63.4636104202833
75.5073015601729
52.4754177804238
74.1349841449266
74.166014500412
57.3554095348335
92.8795465214558
57.1353050167554
108.318208614546
93.2472227554104
49.8006196109306
65.5757070695997
74.5000280137023
120.39391006788
104.677087220682
57.6725774023309
79.8622358089878
70.8405489393405
92.6991311020248
119.419254457012
127.576105900126
39.7617123399118
84.7870165750522
51.4127658299471
68.3627397481769
119.286076577161
73.0761590042812
108.074795722781
94.3494478790821
39.6599792695967
52.4825836797477
67.9111909510619
66.6860874355845
37.7345470528179
187.299022092626
52.5151522987503
81.4276955387905
62.0247909322881
126.045559648082
51.3891521459237
88.9315591618234
61.417166989692
47.1196999694469
63.2286501113654
89.3767177414872
80.4299329380401
81.5788293747226
28.4671585142313
87.3079777887279
134.28126808948
36.8501914292747
74.2635677112763
132.513919119323
55.1708308347216
71.4568996125526
77.6872554170847
214.276566754614
61.0659732300894
78.2143536758059
67.1499711990515
92.612222325073
83.1136970894824
85.5148852091405
97.2195714560922
88.9309151980423
88.3430387298342
64.6580741770239
70.8273532972914
61.2221228197231
67.3682388484514
67.4861410683836
70.2055334022964
81.0579968302361
39.5748012529942
75.8360502717781
66.6836536942443
72.7551370340888
103.655570117286
71.1683519205986
63.8719416742161
106.356683492149
88.4765316775986
91.7309155597091
83.7939569867255
74.591103933256
90.6641268701592
74.8063945305018
37.0594978453558
98.6998210985544
103.960230601957
90.2871722288087
65.6533388282097
56.3589751531698
46.3351145204188
113.54370398952
88.4676663669501
79.3436287120948
73.7439567986421
104.669649879736
77.5795138759787
57.4533580503214
69.6951259901004
87.7601289140208
79.4611633323424
56.968273222268
54.2007708034982
58.1352962155666
77.3966199142124
53.8658463744699
64.3511517066771
58.7684401616998
96.8376494997543
102.585027433731
80.0866879389699
80.0667323875358
61.1813318538235
45.1903561116763
76.7191476417647
37.6947133772876
70.2984076983347
75.9939048779769
63.3081700851333
78.1683296028143
64.558789408744
67.7548488045847
92.9407578572003
89.3256837779818
76.4943792002693
81.0234885521205
99.9230514217043
48.533993771369
122.818636171323
37.7939175046471
62.2367098035607
26.4727967700092
126.324753240493
94.7076670392459
83.5552738777167
84.1358298666307
59.9177748187666
86.2128434671868
63.1521223009058
90.9275353313095
72.5991751823263
85.6004622469474
79.1240874587374
65.4517070019333
83.2879715775622
61.3624360826498
24.4871505186636
78.498563498541
111.65323336501
97.5061986232265
71.7125722064392
28.6792528634422
66.8637000618367
102.248302773212
107.311921799168
123.952782399599
111.983423274526
90.2124507628883
62.133487175737
25.4951159655527
75.9905976604849
68.2299397807655
64.0013556744688
66.5001825993665
28.1863004116078
106.93172848819
82.8147672914725
77.2494665626298
63.4538089926725
68.3155750602824
71.785534712946
68.4158243567147
76.4041881241801
62.9778086489739
32.9569359238963
81.2899702736146
106.629613636379
86.0930215319118
94.890007274751
36.7283662832963
114.661933821118
70.8553881629425
47.7224087609464
81.306922560613
106.168997888263
53.6753855089087
100.096750516421
112.373166246323
45.2507523689585
67.7666341617361
90.8974184570326
107.123188819799
61.5419732979857
85.5367305824905
86.2879801913403
80.352211388475
30.5417761069846
111.218240192498
88.5339098920309
50.1323598427414
92.0435226223591
31.6605167663492
81.9245085276639
105.000922001998
88.1008438053095
84.4464785174681
74.5233050456929
66.745730141208
66.9632293841906
75.424134069164
80.4809759721196
66.0529282849772
30.7788007668814
60.0208004350306
79.1994669017966
93.029187437203
62.8993816134403
75.6877610412962
74.6971359012976
65.9399438693309
104.282554917761
28.7425814313957
87.7269704739942
69.8853011512176
74.2640294388335
119.135334457721
105.532972709061
72.3265045499708
78.5585427501851
70.2340667818326
63.7560996882918
77.2813511712848
23.8227063071756
28.2654084904736
67.8201020440035
21.5003842629736
85.1842773819037
58.8428145924695
88.2948039744519
48.4213025272589
67.5329355495945
74.1711065555632
86.189197102137
88.6818881847445
70.1482675855073
102.543390677793
121.726768235245
56.1562172262626
27.8866388346763
85.5331629771889
40.8780888520797
76.7342872598712
70.5150615714078
84.6586808788703
110.864930958992
99.2744271870902
68.826951592104
50.4279931634237
84.2359856750314
32.3983268328716
66.1000248110086
29.3986827254429
99.9167387765343
56.2849207147273
94.736403488246
91.8810755795711
65.7045491203208
80.2410320984844
163.923679999462
88.5399197342994
99.8809520444604
66.7151354548396
31.160455358899
88.5343159881572
82.4858838023581
113.500034982809
83.741154861262
97.5112873203137
76.4409220130987
29.6889688210124
75.1380215319547
65.5020459218358
61.4640498265364
140.526250085623
25.1375352759061
78.9332707899254
39.0787983732345
93.7051353964129
58.8847054211848
57.5613511673212
60.6482757689947
81.40637478631
84.5578327996067
99.1397557958404
74.7389858558979
59.244200242305
51.5429739421116
75.0867929189377
72.7290293479129
56.795322638173
53.0029880429896
71.5091017849712
75.8110249037763
69.6969608035304
81.1576730767575
76.8524951493536
91.5442687018417
88.7581572634249
59.4248470766419
61.1966348389174
81.5073095260942
102.056800968519
86.7060260451869
41.102017449982
43.2278333966409
61.4844333440245
74.3814679915836
88.7458724867011
58.5395357409512
35.8614226991803
89.5826530422881
65.6171335331105
86.6506946125714
84.6167345142521
53.2999928705263
61.8711748987048
77.9732194842902
28.8048649085531
32.9709968016831
84.3876069971081
85.3387574562271
72.0251421466428
27.4373797257841
68.6312632118269
82.2959745356271
86.8375886143713
38.1497850994071
63.4102983743542
43.0568151375682
78.382474254006
71.8186280712816
58.312384481831
61.3742689292087
98.4034179432437
78.3658915995337
123.584116915439
73.2767227207592
95.9003081832109
22.1498716856107
93.2374107267155
76.064060287945
66.5973558399435
44.2142619486286
88.3075411102597
52.8848877961381
74.6296439217849
89.3304706895136
90.3191801834819
79.4416992479363
61.7177950541149
74.1020728569394
67.6284184375586
50.865295679094
25.9794800570276
46.3321490920601
194.230572028157
49.3041228902643
42.6536819066143
72.5284464637566
31.8342153726952
71.5694317212803
22.5862900506343
68.0664043211481
80.4619038813122
44.308824643728
69.4437618774335
31.4572518342958
115.496115111078
22.3326176723784
78.247536522885
87.8923479504276
65.2025869507926
69.664706434762
68.5457379273355
51.0677326066602
56.409637363345
59.4662822373963
57.9864839515687
49.4300305360519
27.843183752567
52.6119266096946
62.1786377914904
66.8676869260798
45.084429108535
96.2059146655984
68.0116716249004
77.9075108008064
108.535786647033
90.2799087293584
93.8935529467284
43.6264946543702
66.3960823733661
83.3802847670863
33.9848342643111
86.6687507617809
60.0130239112609
114.519202223137
48.3323510844243
71.08995972707
37.1247411309137
88.1660834361114
47.1669632093884
53.1622690796611
64.8127220844357
86.9492220814844
69.7569322163692
72.9714580397122
47.5225443232506
62.6567577020031
68.1858775468136
68.8449549807336
55.099417761145
58.0859026158801
61.3813664476098
72.6116140133013
69.8370386170841
56.6693262135849
42.5079684539132
65.7718716662176
56.2993856633457
57.606468733362
37.6565912215542
87.3802432430336
73.1063078060854
69.7792968741268
24.1108629874429
69.1788605351355
60.2477286606
97.3863267733062
71.5322506572815
64.3188515390573
34.67885772236
39.6437830925332
46.3668208721072
48.9118462913221
75.0166068974978
53.4120271688256
31.2167395936376
77.0056775317774
41.9489122721517
50.3946754366093
66.9778494642853
80.1743348300666
28.8531220520691
45.8227096172269
52.3939125083949
70.2387125578138
44.4513663241969
78.6936505492767
82.8960022040916
76.3829164671946
64.9387191984929
88.8865397323036
71.4410619251658
77.0168411508979
42.3356905022462
37.8362110407308
40.2843251139407
43.0907846194681
51.3065747124905
28.8974069949146
85.2842629282718
94.3010784726219
81.4119461507016
79.8140958134059
81.8452293296597
79.2026130563125
89.0338310032715
71.0666478235453
78.6081293422484
69.3311049310545
43.4788209881513
59.6052981905039
62.017343369606
77.524047748993
24.1294653671009
63.453967104241
85.540906913022
58.1098558014566
30.319031207834
42.7831085955385
77.302983595286
74.9645324547032
72.068190787475
63.2031614299076
75.1840000583887
72.3909473112731
75.4846275320252
70.5933298549505
31.3364847637981
57.4226764253113
80.6725712188148
62.3888603646509
45.7787044447867
61.6190292715813
73.1195273012778
72.7639155935779
64.0279211524069
91.326794305574
57.1777869863748
52.3950720300262
29.2521088249748
29.6491915868266
67.5799440608643
55.8213307819838
59.8325378559925
64.376661292933
63.3435716640956
30.9903707858126
61.3561797340143
65.2742357372884
109.700554593852
66.4686409377375
88.8311492019648
63.387807677037
42.0005824461336
82.1583179611526
99.9305107923758
61.5665043990794
123.122594750723
67.8990414679861
77.6648866792114
100.40757008503
49.2805417995934
68.5171368171943
74.299103946895
73.0077852019159
74.2275352578859
48.6792309677934
29.7509531560869
75.9482398279519
33.4244437723617
54.7766993900372
56.4194388990907
46.5167636371085
36.6213990437907
45.687694679292
66.5173091366693
73.0481328742857
60.486883630699
67.1047615779528
54.5442344059459
64.7280458929148
67.7283514460093
23.3536104511365
42.0862981582715
52.2385366735345
73.0001403825822
59.2365813193234
23.9143373005279
59.8213324612402
51.1048105192719
44.6779961120772
29.5328648799723
37.7385704975868
70.3758729891054
73.2877473922563
77.6545420573447
80.7597325866743
80.7437215176157
88.3857612374459
43.5876595812035
40.0308833873661
44.4397645141589
72.8213448473231
68.4256155886659
99.9807209901899
69.4626344741628
87.4591313573499
65.2096241760867
38.0066507125337
59.9909205114134
34.6656186861186
51.8727470879065
23.5078368761607
48.8228054363358
60.4145858442992
39.5414415149198
56.3098279498648
43.2849928849657
29.0370064964062
43.05338089507
70.3504131973821
66.4722430977265
79.6467525383611
36.532892939767
69.6609021219949
26.7220709168222
79.0989629512141
27.4001201907961
58.9175516800074
51.0144609035448
110.862600114038
21.2227578990708
72.6217551485538
58.5941019963166
68.6539619539725
36.1905529694501
25.4165208355276
53.7486469115691
53.2353761489416
71.690159007813
29.4229700447865
72.5578428290283
32.0934265323284
86.8305808780401
74.5765696238579
55.9318453446003
52.6610988106292
39.4917043129486
43.6549075564863
63.0635652525489
75.985305513651
60.4199923833826
50.5019862898406
93.8094229737917
45.4257364868979
61.0261697920171
84.0142449567283
42.2117199813968
63.3076935607525
64.2444377796613
37.551693904268
54.9265072009663
70.8324291260799
46.9782036988821
59.1444550020015
22.0481935830781
51.6730043478934
43.4889215369949
91.3267179775431
56.6369951920459
66.5603024872154
90.8778433443092
55.5567289059571
45.3738467296889
67.1116882511794
31.1342072267293
69.4431018108042
25.7980584945847
70.2984076983347
51.1904692209676
68.2743548996935
42.7249461759704
74.4140176947365
52.0892708658732
65.7387432246285
80.2288686125545
63.5924861106143
52.9882542859853
81.1840511123029
54.6350266275901
63.5176220296894
41.1689853127856
41.8266379880914
37.6646705905605
61.1689138073292
52.7518489450104
49.0976785239585
39.7677514822191
80.4168421123913
38.44063168101
66.0505935837862
62.5607740583282
75.6548524448698
46.1583055261606
48.7928745929025
21.0114727206265
57.7226806010591
59.0640874180932
82.9619116541466
45.8841752284315
76.290820850046
47.3374679593877
71.0302002132955
57.821484420006
38.7432656946893
60.2670151166632
32.9768519627519
35.5644314231981
67.8625669062889
88.9254411293218
37.5994880045728
37.8872823047418
36.0612859561121
49.0191170254025
76.0768219206816
47.2711800546855
72.7374532299891
42.9152138538664
73.2655761323051
51.7660610332021
76.8327651637887
86.1653662630401
40.8830409554081
50.4790116549931
29.8819973877402
50.9137229270915
55.6121564780759
52.6526036406142
37.4480231950496
75.1705954644917
76.8849251848859
44.8887684530855
70.3236476952807
54.7363569747083
30.6979471711618
52.6294001567349
53.0439727858014
29.2647511514508
44.9883842944748
56.7259652776
41.7204757741091
48.1314850577423
66.8508819197765
35.4695534610089
29.9261352443398
44.8115463012295
36.2124124534855
77.6598202699873
62.0284313120906
86.7372617622897
38.5780036091737
61.2772740931652
70.4909834557507
52.6073263782594
64.7488560845212
78.0076539468773
79.4441201715122
77.0818264235748
46.8587658470447
21.7804181996513
90.0881360039768
62.2582330602508
26.4455164572297
53.9158250912831
71.7719427819501
79.6417344148724
39.4271037847155
40.6131198240904
36.1774245935813
60.3665821860895
31.4011816291876
68.8248013042364
62.3074669785184
109.30501899235
60.017442637893
50.1189310789752
57.7911925339648
77.809422943779
65.9975806408094
51.0244883883756
78.0070262348727
35.3853542300688
53.6791417054477
56.5403774101809
45.7437435388546
24.7383129158878
23.2233176936737
43.6565777522043
53.6795835763639
58.9770953042899
75.089615696746
76.834059243795
53.3123150665059
21.4493077163096
45.2439114120837
36.8220410868348
46.4501763369219
79.6313950869057
28.648259131288
85.9107200836169
45.2523068434485
49.5389625813768
70.3975892590488
67.5994536055082
77.6458842349895
40.6366500262398
35.5034245240619
60.1215362656608
75.1454630499571
59.1433630304524
34.0568886870269
75.9108064975665
34.2457487623002
87.1096771551742
23.2162330935716
66.3255356966612
88.5886992071144
34.6428238604747
46.8703603188055
49.5822461817623
49.924804811139
55.3746273103537
30.9139527678229
62.7545497572988
62.2332581257265
69.6070724876054
101.549169537009
64.7561440830728
34.2359749667557
62.0970222071663
67.0006894333607
43.6869530120286
60.5025398828233
51.039644419929
59.859555829232
89.6551803929214
31.6605167663492
51.2506479668684
35.6502925184381
83.6430857190196
69.9972221448743
71.8940853463701
46.2581871942839
73.2017143452446
21.7978500507539
55.5301091171304
45.8102753470321
60.2347471848784
64.1048521362449
35.947843239812
45.6290619206793
105.027303593145
108.038101828793
52.2919057861249
45.0006481084529
67.5757619783468
42.4423353263812
31.8241611389834
85.2195313142115
43.6869530120286
71.5087282932325
53.9545605674602
65.7095625511093
57.3478611659234
58.2015252377565
41.7288862758866
70.1187579544526
31.4063458726208
85.2415283147667
30.84585572876
76.9851666808019
111.119542033522
47.1368975694152
88.6167575505783
68.2926507810531
78.222573994386
37.2701331659678
32.2545543960296
41.701448216454
70.9212651890443
63.3100761109238
55.4109361028508
51.1235728958454
63.2830633678255
60.2422911557639
67.7018333380754
63.2284908709153
61.7887445132561
21.5155224761868
40.6451296461443
41.1422995460261
55.8680775500804
89.4618306662236
54.9861600256643
78.3727327948194
70.3461681067755
87.6503870507518
48.8316173496929
64.7783016680444
62.7422615558387
53.2881133615535
53.3167944530908
29.7789774021345
68.1368221530773
68.0587085590268
71.3622679955108
87.637209494909
48.0973853225903
78.5718475837096
50.2858985872369
37.1957387349539
84.8021570666156
85.0038681755644
103.308443026701
69.837299674999
85.6132319398308
87.6465750834554
104.097061405985
58.1691821706922
55.1668566691216
51.587745849402
50.5757632268238
70.0313777796554
45.5368384183805
50.38314175259
56.1214730829942
76.6745592063964
65.9194395165461
84.4637045695705
36.7698491872684
63.6654466975107
31.294288124542
32.8304352106156
61.8430567005374
84.5329840654354
47.2426732091632
78.3401746072877
71.2655045460048
49.7456270348966
51.9171884593366
73.7331852408662
69.572367342566
85.5906434978356
23.0951274964593
69.7535304858688
35.0740044185096
22.4393280460999
41.0185670977114
103.230063478643
66.5636073681785
35.6818215364669
126.073522669787
47.8186539272656
27.3933348334059
83.7987621227838
49.3072653318598
56.6526694366732
36.8581595451972
45.9924741331921
61.0533374184207
40.2611666559161
31.841751882298
77.5753884032841
59.6652660210056
40.8200980932287
55.6995034064304
41.1076692317828
50.3296668179561
79.3821384188899
33.5436839558266
60.4178996443279
87.1678629171645
65.0708454002476
40.2348357212248
21.010030615425
72.1166968248804
21.6140870395456
87.262437548591
85.0134705842031
34.4067550439602
35.5452947831759
82.9798519846519
33.6283392814068
51.0489291533354
53.1232714844944
75.633157142646
31.8298174269997
91.3471693267883
41.7745363545985
125.800935496061
64.7916496064527
70.3048481950513
55.3607136172268
117.06313931658
45.7577343123519
76.2369681789673
67.3099757625838
30.1882691536788
52.5144597699388
56.4380324538932
55.0950138341528
68.658688969787
83.8985480883342
71.8528007523552
85.2245276455782
82.4410410258944
23.2410103088469
93.3043697260205
75.5565120626773
31.2519773830355
28.2398866630601
88.7213736016511
48.9819971848145
61.4342082394051
41.5692401540298
93.5281852242084
49.1011115033257
33.3925023049322
80.3275533943394
73.9364939338154
72.410986278425
34.3480384923042
52.5246150291671
29.9517040444555
46.7882058051165
70.850822910024
71.2184675759054
63.5833542583904
40.0590699660301
79.2254405618103
27.6305183660142
85.9813051024515
72.4774604798793
69.9324557449513
57.2192337162476
51.0134824012663
66.745730141208
76.0659307950235
79.8261862090006
80.0702079500606
153.125232562103
83.0157093917844
27.2183009542457
30.5792666076375
89.5582923983961
58.674281998196
54.0630300043588
63.7833392648155
62.3643173371363
70.379086299744
71.1286111830749
72.3195670709474
51.0437985339944
25.0394276984199
40.5431397276456
40.2068951273835
88.7655911344602
78.9631977700823
97.0629198297707
20.3260324431183
64.5146156448412
59.3723396465507
98.1508370609655
60.1528701086309
33.3656470443217
49.9908699821515
63.2902160439859
34.6035251747448
41.7204757741091
64.304228895125
109.502082125936
91.4898448791385
54.1547903195239
63.0505965235146
51.6083100750844
69.3244822266735
69.748034681767
48.2848853608899
94.7497369544048
64.1653674324215
43.7675263285567
83.9962926547056
65.4944777541072
95.4832380472073
92.2148322259971
66.6188795462001
35.3497281212074
43.3819543052251
82.33430824282
140.710666004689
35.5215972406923
55.9830800927049
52.1260817580909
64.6292809853068
54.334149379768
57.0366515168262
46.2269274285846
36.9479141881078
48.531831563727
74.6168397963447
66.7623024611484
85.4605279731133
49.8170424181388
29.5321349525157
84.0777831667943
25.0870601887376
70.6888834180744
37.5263950003055
59.0354229713444
105.203495036562
47.8881554580589
66.0368738798564
88.155189562576
65.6561449177662
69.2713223092178
110.355673043615
48.8011626977873
175.515835506237
70.8185957823467
73.6077930135591
92.8196583759457
53.3883625072597
49.8275575914002
34.5038164768358
49.2359380637577
77.3194928155412
57.4581792248503
97.0109283223725
136.365216483335
79.2063678167949
45.4331396383469
83.1911301398274
61.5901768523002
76.7390441919419
82.5861588165671
91.8315045795819
39.7774102964874
54.2711086526885
53.8052214640346
59.1497322961533
90.2524061850917
63.143181967118
35.1153555584536
60.7969317155061
93.6988997613597
76.7290972066922
88.7441749803888
61.6418236986199
50.0577772592974
48.9030632699899
37.5191604732929
83.9771591433033
60.6482757689947
58.7429918511118
37.8014927757051
61.3680149931345
57.0738087002274
54.9421179754891
51.8147169439557
86.495678776142
62.717832547475
77.3732320772725
53.7299092500973
61.1748682943678
84.285481517005
75.8697972820901
53.676711285363
69.3888013694493
96.9686991611667
46.8039042052001
42.2245783017275
58.040015787412
64.1282360313516
78.5238671270799
54.5273243843454
146.821942340058
56.7933489884731
90.5569673871195
64.5957327553428
67.1054684468573
48.4855682294054
70.2219332460737
65.2102230187478
81.1012844798223
66.1020646294396
74.6350157730777
24.8542770702514
106.750698338263
86.0208131166867
39.1611643540442
74.7725915195342
38.9709492702121
72.7163898647186
85.2283840621644
56.5346017041659
53.5240378767643
67.2032967587328
65.3384213964487
39.039573498535
66.0664954691232
68.3001574477928
62.6882010000213
79.8059002394279
29.6426724152034
66.0341000555196
164.587930518624
92.0139815944204
67.2610411368927
91.2341909433807
45.1082200380331
38.8160772304448
80.4704579473068
42.4037783763124
85.7353504968211
61.0326648834909
29.7796952792236
55.7138637077497
63.0438698964893
64.2371874804727
116.151517992737
69.6989265678664
41.4736010967259
73.1230993174095
66.7065524668889
65.393847893034
55.081797827129
69.6765102778006
69.0642693131846
61.8285716769543
58.3509268788223
88.965434605082
70.7443873067812
61.9416076990274
39.8352649230247
72.4435108014082
50.8921018399764
50.4192296093212
104.894799964383
31.180112477006
64.5668839228637
49.7523148655351
59.476721992223
79.9969587212606
69.6769036703619
83.6259750604494
50.9181431606192
58.0082490888177
72.4387795708158
85.5811701800274
92.49651127068
96.8464062322529
31.0914593757149
81.293053033522
50.6187833820812
26.0265563750712
69.6721826664117
87.5966574390775
75.7551565322136
82.2739729030255
80.2887603960455
65.0482848823313
42.6739675382749
39.7000080255384
27.5502331057174
72.9157020062917
79.7061191158771
91.4407623349119
67.160840682107
84.7275533373329
94.4870578303506
58.9124161339644
72.284616015915
63.3825786796346
60.9306348707034
64.7218154231662
57.5817108228692
98.1598896461389
68.7637308058824
97.1938348630443
86.3077267815667
30.1707950416745
82.6735254954814
81.3401324015455
78.3149597149869
48.9176998869391
91.9013563479142
82.2746312422767
74.1317406684151
65.610479236262
65.4172120885818
65.5872525577631
42.4811751181601
99.2573063057302
48.6907803333317
79.9980529797243
61.4193609481596
78.5291323628101
48.6593424749319
22.1199867986838
25.6991555239845
96.3912009649199
62.8866670265313
74.2490203533248
75.3027429052524
72.9780330681178
84.577238497425
45.6223339550966
75.1668773773601
58.5071934494282
66.0930301918576
70.0696496317148
51.285041621767
48.9371131520638
73.5980393410062
79.3881995353122
39.3158060829222
76.1819424118003
74.840394340559
69.9312841638707
61.118168581846
67.1530771246978
49.1691438703678
48.1808988648986
77.2237477576235
77.1432792455269
78.9597261780854
23.0316954644579
38.0866927266639
74.3114413750135
63.4545995426355
61.2148184352183
89.0994762274968
84.0965108571878
75.761146371148
53.2769014201854
80.4567902376828
135.245735213157
70.5227426160387
79.5414401093931
77.2159540328464
75.5427931311048
70.5487177516116
71.6959803567051
62.0317403775176
72.2760862393478
67.9456828321425
65.8819128200146
20.7130860820477
62.7341745870343
56.671110287576
55.4691382996307
49.065966789947
73.1809174234742
78.3821633937766
79.6261742119465
73.0810464675829
67.1707189781907
83.3847714573139
66.0070795764045
68.1040335222733
64.4204107811346
66.9625195090765
71.0893298766276
55.387288923088
66.569354205707
38.9956650752116
75.8870464496076
71.4551540700437
84.5911196792489
54.0185600373913
70.1680561889988
66.6968224096973
73.9633855218427
53.3543916208296
69.8520462779907
52.2376034925795
62.8055912754486
70.7186830341289
68.8082664776989
43.5370031263195
39.8513058633788
65.2090253224267
65.2651201003826
59.6599006807473
65.6192034835611
73.8807859323826
66.7314370504733
34.3609841407521
59.2024535241027
65.1579325571682
92.1930413754956
61.3670007212207
65.1214743901019
43.5588233286218
61.0668268125659
67.7760594968852
57.0820158668991
40.4059598664365
53.6665453250276
60.129108669042
72.629962565046
68.3718652768796
63.9469130183646
79.0141134103492
53.3579695409303
55.9304208168042
70.3724022839977
73.0181748114487
63.3844802330583
47.0139456796271
65.5705250801685
40.5198885097642
73.260001565975
45.9026130495045
69.5731564804347
49.415174472324
73.3480280513074
58.8327004145897
48.0602055513658
63.8582064436785
61.4100777447091
50.0483752582103
61.8445547640208
57.2198170443177
65.0849753551547
70.0326758156393
58.0787316798006
52.9019540448367
59.1355360540918
51.7287357840535
77.7048670078966
48.3064474522058
73.8383075257007
65.9817917453168
43.374172727904
68.119265640537
65.7489061627448
78.1255890829956
57.4367670276021
58.9067293062537
66.0917185359365
53.5509129532071
48.7567483603938
55.132320075343
78.0272125759761
48.7669226390479
59.1379025677736
44.7934683032228
51.5216380419931
28.0938461093974
34.6963177873269
31.9736900318492
62.2656231124367
38.9713684433873
62.1384338731431
41.4854413945918
58.2647910799082
66.4519218045023
24.1185262662422
63.8272805526258
53.8177530196597
51.9256898344529
44.8036191507947
52.5635839967866
59.0940002166494
46.5919604155055
53.2250408838971
55.569513841425
52.858698135079
46.6142377953805
49.4943038559189
50.1548938607152
49.7785343927616
54.2059712276948
42.0460048850418
34.6910287144115
45.6580917426856
43.6388671710509
47.0418672957895
48.5193951292684
37.7916889057302
43.744915867944
38.9474611662902
38.7835151658233
45.2585236737017
43.4869018025717
25.304670067675
39.5491762203511
35.1921134932664
43.5735815284055
39.2340887974601
43.3430184623018
36.827674598659
38.2187722028276
40.2733379798587
26.5903667595056
27.4306127915205
32.8138888008381
37.2168933244207
25.513711258262
43.5343160509225
43.7808156941923
33.497791855612
29.2796105061844
21.7077085473546
42.4854078918952
35.760152361708
31.5604899168014
23.6133471685145
27.1545616617486
29.0075295837151
31.8040335907957
28.6490347921735
34.3356230822973
33.6080608809429
27.9829045070673
31.7838805344111
39.3429698292003
28.3440762217978
25.2538633417482
29.9587987468656
20.9565329554455
27.7302234008959
27.4661020260965
24.4701514500148
24.8800146798418
23.7484392050376
24.8078145795443
23.1046719246546
30.5185540485279
28.1846976879008
25.2967138747068
21.3673545046079
23.3349191437055
23.0891582205417
